1000 9903
394 360
17 979
678 520
551 794
609 621
960 813
43 3
320 652
906 143
216 589
927 535
141 726
632 553
171 231
318 26
308 20
327 472
674 109
60 693
597 394
816 623
963 720
514 942
967 776
125 741
320 473
964 718
697 333
729 427
956 750
998 933
468 944
450 711
568 478
700 471
364 1
669 672
883 896
899 167
204 553
903 855
425 812
83 328
142 467
553 40
370 932
39 889
598 488
126 505
957 651
921 445
151 496
100 58
88 272
16 29
552 127
662 996
940 766
387 646
504 64
456 331
333 758
20 556
700 158
538 33
686 89
118 623
581 141
637 678
385 155
404 161
81 884
372 285
659 685
641 458
271 691
552 699
111 944
206 924
172 212
984 774
826 41
367 139
498 486
444 896
48 345
19 965
750 328
918 51
789 788
114 214
946 665
43 222
765 405
110 90
275 3
192 613
452 648
544 584
781 821
745 497
52 215
441 856
155 710
1000 425
674 822
694 701
275 225
422 80
302 522
85 250
320 399
976 758
507 856
588 231
75 444
972 134
316 930
78 769
946 553
278 808
597 128
148 442
874 775
360 693
143 764
2 480
130 685
961 221
598 298
861 956
610 252
934 500
667 111
406 497
905 566
625 473
15 209
671 942
136 580
336 308
625 426
614 246
478 406
631 628
385 86
608 739
818 533
373 277
619 37
692 671
533 925
805 920
348 85
149 932
645 879
558 64
707 646
779 309
489 39
766 423
599 573
900 819
560 932
922 279
34 343
417 325
219 849
92 193
812 202
279 775
194 529
980 624
228 784
708 26
257 350
441 41
258 945
600 818
86 781
16 739
366 109
65 518
946 905
108 988
808 954
789 665
740 233
372 821
640 423
241 86
392 80
838 933
35 984
76 96
133 231
501 477
564 189
912 694
307 140
53 432
421 188
471 31
322 339
895 562
622 862
436 479
511 805
810 172
291 5
575 364
49 982
411 235
729 20
431 228
191 257
973 673
813 908
26 462
444 81
264 471
676 388
415 688
338 538
322 740
767 298
164 199
995 727
376 357
763 595
526 301
583 324
231 293
874 319
597 974
430 241
754 901
573 351
851 101
465 738
853 575
37 514
612 862
884 923
90 794
811 704
794 318
326 755
591 141
699 700
944 126
849 897
695 227
917 165
777 594
543 447
108 802
894 321
21 321
152 400
121 813
877 754
806 566
185 72
763 609
834 807
103 858
215 892
734 788
56 219
589 15
522 984
48 591
639 921
86 112
308 49
625 512
9 116
337 551
1000 780
237 6
40 606
94 401
739 860
267 575
905 567
141 196
269 267
165 91
662 814
99 219
505 144
503 613
964 905
142 325
861 627
827 719
592 456
352 557
795 109
282 840
933 471
810 418
278 244
117 404
10 894
407 976
835 781
508 681
434 910
92 726
199 658
58 610
369 675
758 135
373 171
302 105
213 530
842 98
550 691
75 529
408 444
447 997
306 295
918 38
637 528
712 729
569 816
379 921
399 759
36 275
417 676
332 521
776 825
617 877
10 261
270 755
567 107
145 798
845 837
849 258
500 742
323 103
470 778
16 525
953 284
21 500
150 728
372 472
358 607
52 478
440 808
313 46
759 545
347 564
801 893
677 894
915 841
849 572
264 885
929 101
413 396
911 189
90 43
806 429
632 554
315 854
281 810
464 744
485 522
971 383
184 27
310 687
42 89
360 956
161 317
604 711
460 335
635 187
606 488
41 400
904 18
83 621
636 839
583 968
346 533
644 92
900 486
303 993
855 660
472 419
398 975
2 396
682 314
866 79
294 684
961 865
788 726
71 282
917 982
518 863
877 628
766 607
788 869
364 439
187 342
280 564
64 411
248 360
999 207
140 96
970 979
450 59
680 599
318 782
737 134
903 171
764 697
546 612
253 188
242 687
423 326
137 553
964 58
983 782
362 852
537 8
461 96
922 466
373 862
102 786
160 757
512 346
875 542
852 723
458 998
76 441
444 897
319 23
55 800
674 482
57 476
648 665
318 469
835 77
854 763
235 853
518 66
578 761
825 661
209 378
433 910
582 837
961 497
958 148
190 98
548 498
393 220
303 321
259 679
557 650
492 775
599 371
711 341
161 729
426 456
934 508
757 695
259 308
317 470
959 923
448 363
985 52
87 716
623 494
493 757
98 231
463 941
635 52
943 503
691 326
408 782
882 468
916 957
848 923
482 249
970 130
697 586
662 564
776 343
705 215
148 95
8 899
303 874
142 428
93 322
867 359
795 450
282 51
780 278
104 579
800 444
549 223
17 911
827 981
370 856
315 185
667 140
154 105
902 386
179 982
145 666
112 467
672 597
585 148
503 913
732 861
469 801
188 911
524 113
357 768
70 495
182 213
885 282
504 315
965 338
825 583
453 398
515 415
3 691
522 481
301 842
72 110
925 232
129 249
82 315
979 699
604 212
698 17
367 174
8 581
815 954
444 933
447 70
68 777
822 182
471 348
993 708
445 609
617 208
599 64
621 520
164 991
721 178
152 339
25 715
270 825
654 312
428 663
234 834
878 491
971 263
170 490
928 594
48 898
696 110
458 289
702 4
226 965
869 396
288 585
264 329
286 906
527 200
485 949
752 148
633 759
343 860
382 930
224 460
166 419
648 446
634 11
596 962
471 736
507 675
329 49
786 363
169 366
776 450
830 533
583 259
192 153
943 862
963 545
952 643
957 654
512 855
782 587
515 76
184 988
349 510
281 70
335 191
266 914
659 921
306 403
235 507
970 890
292 834
991 960
760 170
512 629
971 430
180 995
285 597
756 222
888 78
615 165
641 598
208 427
485 81
486 490
735 484
186 414
85 652
234 482
987 32
686 594
428 454
966 834
474 4
664 726
647 285
975 944
816 871
603 97
531 764
271 57
772 754
959 108
651 695
982 199
983 378
540 741
212 598
484 723
639 873
948 66
473 102
167 478
545 138
126 775
520 472
385 985
247 684
458 483
783 121
40 893
312 642
866 602
502 181
585 647
839 14
273 233
299 797
931 636
307 310
813 502
224 488
288 601
553 67
348 841
114 871
98 352
500 188
123 927
72 923
917 659
314 111
667 884
761 17
524 987
303 512
732 918
550 515
638 243
844 804
573 354
374 959
286 461
992 186
96 111
686 178
780 147
508 468
475 133
250 859
992 408
42 627
74 281
512 383
585 287
704 501
354 784
906 939
796 107
658 43
967 710
186 37
684 228
636 301
447 158
327 692
518 103
5 176
320 654
181 927
960 862
333 756
815 592
670 205
454 584
628 810
898 936
792 347
21 951
333 581
561 674
599 366
877 904
264 278
237 489
809 760
256 744
901 168
117 563
66 243
484 582
734 268
986 768
741 347
200 917
132 270
88 122
919 468
264 178
265 735
951 935
41 32
938 830
631 991
195 811
930 842
130 374
627 812
175 945
874 707
402 295
969 685
472 339
951 581
273 358
572 286
295 993
546 372
47 348
912 187
182 573
737 842
528 363
430 191
268 46
803 287
309 950
828 470
940 760
23 820
784 20
841 69
678 690
67 525
598 827
562 379
549 493
115 793
576 261
764 698
512 573
845 919
208 484
851 378
814 882
102 896
231 740
567 78
564 778
336 312
176 145
214 441
721 939
295 152
320 972
462 699
319 22
820 521
768 85
366 87
186 313
495 305
688 139
526 364
91 204
882 209
494 251
223 475
960 779
189 599
282 50
467 959
972 930
510 865
811 100
995 259
405 763
617 277
411 882
161 367
479 3
484 747
412 88
674 935
199 128
479 400
48 886
786 60
787 237
800 96
658 2
640 537
37 71
610 779
680 869
345 831
987 972
35 459
108 243
153 916
335 388
653 31
526 343
268 67
700 94
83 68
710 99
877 830
616 792
219 516
914 604
442 301
577 702
500 27
118 734
178 291
889 877
858 740
140 875
287 980
774 494
233 130
159 174
987 313
699 109
371 12
542 997
465 55
215 135
345 227
265 436
831 457
55 276
90 863
716 575
661 138
335 655
998 453
513 899
487 832
570 212
642 553
366 115
1000 508
43 846
363 795
712 678
558 31
902 142
464 422
192 404
330 563
937 617
411 862
322 143
341 145
114 301
482 457
744 908
228 293
394 659
768 396
753 66
327 51
593 371
41 350
248 886
834 133
504 736
708 766
450 666
197 246
715 138
511 807
938 871
485 948
772 226
90 306
822 888
56 510
308 514
239 798
700 284
559 75
264 424
193 454
507 674
456 688
933 386
239 655
921 458
546 622
101 874
709 363
231 27
336 516
551 446
951 290
865 165
296 872
300 912
687 356
582 122
175 432
508 723
624 268
932 93
917 751
274 803
835 628
803 200
328 168
949 51
707 612
135 247
83 190
600 468
380 725
576 527
167 550
232 403
733 215
358 343
675 19
440 704
883 212
548 370
43 46
764 534
833 808
498 296
983 166
24 93
335 623
789 842
167 106
295 49
601 726
194 132
727 18
105 487
423 645
199 405
163 643
134 256
228 507
691 965
252 481
688 887
933 512
271 169
354 433
389 222
820 150
949 310
369 148
705 850
835 435
216 257
1 939
298 299
852 918
874 970
198 256
610 832
359 309
351 802
48 107
230 945
395 716
569 657
244 629
210 581
657 130
272 649
804 759
183 666
149 550
361 576
767 456
842 17
176 336
978 913
268 11
678 204
804 469
537 758
700 6
258 17
791 185
315 224
170 805
266 548
304 383
177 199
378 576
334 431
444 443
286 306
253 805
469 984
880 529
556 468
371 166
723 61
814 996
417 402
815 45
846 237
452 386
559 528
546 220
712 953
824 723
128 218
239 212
242 792
152 208
154 610
985 832
103 517
219 8
493 425
366 201
148 4
722 161
428 446
669 422
573 934
488 55
589 207
845 165
840 932
45 759
565 870
769 353
347 285
167 14
406 834
523 318
309 201
789 735
995 486
595 672
865 351
341 216
616 658
609 844
424 524
497 490
631 267
812 615
463 693
299 700
105 765
329 689
700 896
575 448
338 833
230 883
567 589
195 524
437 599
459 899
995 85
873 834
286 944
624 825
52 818
296 228
938 831
445 477
818 857
415 741
308 587
131 50
279 203
162 951
542 419
588 529
867 474
796 966
732 964
35 268
53 985
898 774
615 14
541 935
54 360
680 341
828 309
408 184
135 63
708 259
46 366
927 35
766 25
537 413
546 469
431 853
196 78
453 569
682 757
720 576
521 689
850 959
44 10
934 686
855 306
396 911
769 419
14 940
21 278
388 527
9 502
742 832
689 340
581 718
72 338
220 129
313 72
276 836
134 174
969 858
546 38
184 919
342 461
626 888
630 550
955 614
591 804
778 405
656 438
951 496
803 570
271 112
165 477
320 538
47 985
414 616
56 4
627 719
687 553
869 694
449 43
882 771
388 466
579 993
891 51
782 134
144 630
363 378
951 789
200 946
296 305
408 907
333 842
167 470
355 238
670 603
85 158
911 855
32 6
682 397
192 913
924 450
909 402
85 979
973 779
13 46
239 874
330 178
297 331
795 452
465 985
748 412
771 111
727 886
50 132
288 753
177 15
50 791
45 150
112 548
644 517
477 372
805 924
49 85
953 527
239 302
591 5
115 244
614 238
245 633
466 886
908 353
489 47
419 308
848 786
833 978
888 163
154 555
873 433
106 288
767 597
208 625
902 466
116 889
380 950
632 279
119 475
615 502
108 840
882 355
241 361
494 37
902 252
941 538
798 957
747 855
593 109
544 599
392 196
798 360
412 159
858 123
723 274
632 612
982 40
986 167
570 934
95 897
756 973
388 39
799 671
613 281
730 160
434 421
397 303
308 382
806 213
700 584
815 361
908 701
69 631
491 301
238 618
22 535
354 127
815 222
749 422
697 763
645 379
244 530
154 262
818 865
85 21
791 867
795 51
317 843
924 341
156 719
840 648
911 585
349 218
648 271
10 808
67 793
700 99
701 790
799 660
408 419
282 388
434 715
185 695
362 131
421 991
371 348
965 18
344 138
258 300
496 18
137 901
598 864
489 122
589 631
38 548
336 739
429 358
443 714
343 480
715 789
868 513
375 838
861 982
450 486
654 976
988 874
402 517
76 620
370 145
388 560
689 259
907 468
656 724
589 298
627 75
954 921
850 790
4 451
781 920
472 624
268 435
375 198
431 720
317 900
713 743
753 434
275 60
939 41
354 479
394 594
483 965
807 42
756 946
118 415
998 851
123 119
674 893
752 581
551 33
331 66
407 297
826 659
576 546
631 68
959 989
563 476
431 20
903 990
902 695
669 728
30 882
148 909
120 572
562 687
801 561
804 752
143 934
758 107
889 488
203 940
624 75
879 781
454 456
607 274
644 808
979 219
301 443
448 785
212 234
110 827
641 550
318 77
24 544
128 586
504 9
885 23
839 588
112 541
483 978
746 852
234 155
362 93
988 185
538 120
708 296
935 627
827 106
232 496
12 502
489 487
452 253
310 247
314 250
353 592
462 306
580 241
376 943
367 115
849 144
963 152
871 515
216 819
124 388
307 668
806 710
898 533
774 96
815 892
694 907
838 919
661 306
274 197
542 763
975 918
797 434
156 318
397 516
463 342
384 689
276 903
804 547
32 355
151 905
927 672
750 125
972 15
526 914
584 543
324 794
938 26
65 158
429 661
696 40
865 846
230 963
596 432
503 586
269 14
202 243
682 313
264 402
429 968
931 538
568 704
182 640
345 83
776 269
942 382
11 552
602 995
844 612
884 649
150 93
443 965
481 138
248 363
357 567
413 741
710 5
733 444
734 143
311 202
478 585
409 70
652 134
801 936
987 561
434 659
225 254
597 197
880 574
908 688
956 483
318 924
159 790
488 999
291 324
872 535
972 536
111 956
998 332
238 305
976 874
557 195
704 665
923 953
102 736
929 292
767 922
812 407
356 107
543 257
671 476
450 64
345 478
73 847
55 939
81 308
412 180
252 443
271 115
17 399
419 804
39 503
960 956
66 51
674 818
199 237
570 899
275 229
122 778
855 998
179 321
15 239
865 866
421 132
227 77
139 991
657 926
967 121
532 426
971 122
807 720
812 874
826 996
506 143
434 224
821 980
457 321
113 295
263 405
615 536
389 600
193 335
455 715
151 50
524 552
320 118
412 542
100 705
883 785
287 662
645 568
928 706
524 703
469 716
589 927
258 39
275 310
746 650
323 599
309 904
922 113
582 175
340 718
639 42
624 369
771 780
535 255
187 85
499 423
7 326
62 951
84 715
231 804
490 238
385 74
442 13
560 856
390 485
327 543
528 134
451 217
180 953
641 441
609 493
979 719
160 677
146 904
203 761
534 287
112 914
920 159
68 997
328 842
440 260
385 389
982 594
559 809
565 812
483 485
472 661
111 182
43 62
375 253
765 437
488 415
56 195
474 222
522 32
209 347
156 358
303 497
308 89
589 948
566 377
646 129
642 370
498 891
467 760
1000 776
470 509
221 953
973 490
649 12
863 149
359 527
125 681
53 444
421 184
77 518
482 438
606 423
956 658
893 264
135 915
84 341
433 619
415 559
877 368
550 94
308 669
516 90
477 866
4 374
230 279
544 131
231 311
879 213
511 7
726 750
282 18
466 279
302 81
909 151
952 646
917 636
165 743
974 583
760 463
153 231
490 32
754 897
408 467
562 204
3 723
568 837
419 245
77 465
297 721
229 278
14 790
788 749
497 678
538 916
150 470
667 568
119 747
998 42
729 871
37 864
779 51
806 840
205 513
569 70
59 665
542 854
584 40
95 544
228 742
433 623
608 301
648 596
831 205
432 531
145 559
590 284
955 673
777 129
389 75
835 151
124 182
933 526
593 473
942 820
216 404
551 32
844 46
222 366
302 582
817 866
730 133
660 680
644 213
805 654
282 946
515 576
184 464
95 154
607 701
710 534
729 116
658 72
363 210
772 192
382 989
761 308
265 787
791 623
662 866
900 691
153 850
886 460
791 449
546 779
563 923
800 487
984 324
788 828
291 252
532 934
338 193
839 452
253 946
804 38
883 487
519 589
706 768
323 700
16 212
436 489
880 531
275 961
252 874
774 549
187 157
888 510
676 975
860 124
54 943
220 451
872 530
793 222
25 836
337 42
279 843
466 974
837 749
966 899
769 69
772 812
523 82
177 530
197 735
203 542
510 622
920 70
735 57
545 367
807 235
447 364
532 194
290 693
39 466
189 69
336 155
725 735
1000 434
983 283
198 561
414 626
795 513
781 750
692 447
695 820
213 847
298 378
616 241
744 966
341 56
161 674
500 765
471 837
472 455
277 800
951 928
638 959
888 896
155 61
799 764
446 620
347 921
87 778
369 609
188 419
258 209
222 134
79 827
580 892
818 953
332 790
405 287
170 884
154 17
980 165
547 474
966 400
490 489
273 389
183 926
960 217
368 226
469 777
185 750
383 759
330 449
3 445
261 833
776 763
524 73
31 107
913 582
788 566
680 343
850 816
493 330
663 374
666 150
7 498
102 52
309 710
205 309
831 577
279 766
215 252
454 415
110 402
370 327
833 869
101 245
157 291
372 633
287 672
988 851
543 371
68 785
974 277
171 24
373 261
33 95
416 321
426 102
941 581
376 673
140 138
831 106
602 110
816 895
640 335
346 800
420 751
203 233
419 948
204 134
960 556
63 333
971 236
331 13
603 307
545 183
880 290
626 314
351 215
339 759
198 334
736 865
681 160
921 721
165 756
305 660
625 323
991 276
689 750
728 116
570 508
397 205
861 808
843 357
519 870
887 628
339 66
670 906
784 853
37 311
645 584
944 523
597 719
406 813
107 447
715 700
440 858
679 985
942 234
942 117
728 769
679 816
876 393
400 876
183 19
559 756
343 361
925 565
737 166
277 75
101 311
729 778
859 759
373 263
608 949
699 110
281 313
926 331
86 548
955 329
642 262
567 476
168 284
918 558
133 814
685 881
797 343
158 243
973 54
759 741
63 50
856 828
67 183
485 364
860 616
57 109
428 764
329 877
113 902
797 778
890 598
807 913
522 771
959 810
329 641
179 348
551 396
557 891
377 347
381 911
402 276
796 68
30 788
749 420
971 245
201 662
865 623
645 377
605 613
36 800
689 522
672 312
273 291
631 678
35 377
867 532
101 760
382 19
432 5
297 583
82 215
500 122
234 241
306 399
846 301
606 451
367 762
12 381
174 463
163 251
276 314
776 770
923 725
284 861
637 361
429 356
451 633
305 350
489 9
769 207
54 115
954 69
59 811
99 838
334 227
457 756
632 198
206 985
690 986
512 262
531 546
128 31
216 101
512 437
225 850
340 773
637 173
643 986
200 560
981 672
263 673
622 178
734 936
354 22
948 319
329 666
38 242
920 551
833 282
725 284
284 86
801 356
341 35
325 622
65 33
947 959
291 675
553 276
791 758
691 386
654 58
359 272
506 196
911 649
951 972
553 421
679 605
339 796
13 227
109 634
210 723
448 228
305 813
452 660
326 133
724 259
135 929
698 703
623 998
332 772
610 387
277 304
776 625
165 614
546 891
715 580
720 938
183 42
277 161
561 350
597 616
651 301
580 477
139 17
642 168
699 57
862 535
333 219
635 600
281 320
615 197
174 501
766 115
987 354
148 144
617 731
52 558
654 946
453 723
901 591
349 898
929 286
829 861
293 927
115 381
372 596
873 169
472 590
329 971
642 748
702 431
940 265
247 505
547 697
215 799
536 134
846 999
958 253
134 483
467 706
656 879
190 986
217 984
859 409
18 219
344 995
203 93
421 238
208 757
873 876
191 500
503 294
87 551
53 901
187 929
833 151
249 344
52 829
861 545
498 757
482 238
320 253
411 214
527 780
252 964
736 821
827 750
444 22
175 166
14 736
645 450
98 401
245 46
801 844
503 115
382 841
438 943
277 483
248 365
410 132
415 405
457 231
184 809
495 923
504 70
802 757
268 799
182 339
992 235
280 511
98 610
797 782
173 116
84 689
106 41
434 608
630 666
936 994
115 797
109 435
432 1
159 182
769 134
236 811
965 106
632 32
850 43
758 672
910 881
819 988
994 539
572 700
101 244
723 181
203 684
77 75
137 270
599 970
521 410
513 955
185 26
333 434
940 350
53 305
284 730
986 428
878 246
552 878
241 211
497 169
545 507
88 634
363 704
569 493
769 755
170 96
818 380
468 653
481 927
683 162
119 52
602 30
215 513
660 754
645 98
873 705
178 953
587 479
950 847
259 328
577 197
26 817
240 81
368 102
973 695
279 10
450 263
80 299
851 872
239 774
438 78
598 415
587 138
827 635
679 762
867 362
10 819
156 533
790 220
888 746
266 616
874 453
380 700
875 36
464 623
287 178
96 54
236 730
607 485
370 676
166 757
741 947
981 70
106 250
400 877
921 189
371 242
408 360
407 618
713 35
509 64
720 769
21 228
576 357
10 375
102 977
230 129
860 37
237 342
849 316
922 384
945 993
323 917
695 149
826 100
902 465
190 455
615 354
30 44
379 410
293 966
55 747
417 270
958 968
119 700
376 600
696 567
185 54
618 13
99 664
869 100
80 59
632 504
456 825
513 239
53 152
62 78
962 40
565 125
329 765
37 79
477 557
482 453
636 166
450 871
750 170
97 956
52 762
904 64
728 388
191 524
30 906
531 163
400 495
492 125
330 864
693 387
268 686
565 384
549 779
689 494
832 750
421 408
350 502
957 54
246 167
867 215
141 9
911 549
2 369
90 853
921 462
71 352
709 343
69 200
509 401
349 72
235 353
475 414
187 2
686 40
837 68
505 683
733 19
537 312
595 110
745 445
967 693
955 118
79 310
724 953
247 547
76 536
812 164
465 23
660 272
642 276
410 803
855 503
547 958
73 914
509 823
203 628
95 546
561 846
856 874
817 420
251 864
750 266
860 478
519 205
851 645
998 628
453 929
458 541
77 885
80 39
33 73
225 962
851 882
772 654
699 678
4 784
839 342
752 632
588 214
181 856
844 40
458 511
576 694
575 424
43 843
762 673
319 750
359 557
126 776
218 479
436 266
441 988
612 163
557 862
856 876
372 140
92 799
623 557
293 562
762 899
754 543
509 420
377 80
250 206
639 424
363 101
532 834
231 33
818 98
309 861
197 8
719 151
580 591
687 501
323 702
367 297
975 430
742 495
245 653
945 79
429 310
713 251
110 517
510 291
628 450
598 715
819 963
894 389
72 92
551 604
6 211
987 146
608 237
158 440
573 801
924 737
641 129
626 961
864 822
635 629
467 999
711 696
74 783
807 229
280 342
523 306
66 443
108 546
682 849
846 996
925 491
798 779
111 462
886 576
810 788
726 249
549 528
87 433
277 957
243 879
924 212
193 70
377 673
217 72
221 528
531 593
973 513
832 443
980 420
668 209
528 932
880 407
44 894
852 805
49 528
344 244
986 559
827 737
365 610
95 962
791 906
494 894
596 290
524 519
65 302
835 862
987 999
640 848
136 687
47 347
179 851
897 524
878 851
663 61
371 507
631 617
567 897
680 59
88 820
37 482
679 823
68 456
359 251
469 791
548 65
552 388
935 899
300 122
901 902
720 693
371 55
839 484
237 610
58 55
846 4
884 138
238 308
629 557
133 712
873 251
232 141
124 427
502 616
104 967
910 129
199 456
471 295
589 64
256 316
664 425
521 480
189 594
794 820
851 701
726 315
431 661
930 308
798 162
130 864
39 496
170 97
356 372
412 38
177 879
677 638
553 544
311 976
194 576
134 607
178 551
35 946
292 306
882 831
593 688
960 605
711 224
776 127
652 658
355 274
176 144
420 862
492 436
537 999
644 973
252 989
500 467
100 693
252 856
115 700
277 405
98 287
784 855
452 749
35 351
809 292
59 325
478 409
728 916
858 975
387 72
490 459
590 574
458 771
782 926
121 365
432 448
486 23
434 690
400 878
426 86
173 87
162 296
366 568
496 854
393 580
712 870
106 413
713 179
931 196
881 785
112 774
560 810
82 418
600 539
33 686
695 148
756 486
405 870
851 394
730 761
379 413
694 84
521 546
95 390
214 329
825 916
113 858
920 896
927 926
215 849
219 274
61 587
794 776
526 559
789 531
527 565
373 634
9 65
337 572
85 310
198 639
860 648
362 771
251 131
232 913
824 41
401 168
610 966
791 639
829 296
243 807
65 91
673 260
217 713
730 351
941 622
625 3
237 317
978 821
189 58
672 92
451 975
211 817
588 992
455 283
25 751
155 552
770 984
933 60
888 553
649 973
624 35
398 568
528 281
912 248
490 412
499 358
260 712
62 884
410 253
763 729
656 253
879 971
817 313
51 590
723 183
318 889
69 83
637 517
358 110
252 469
707 433
418 819
590 645
296 651
371 209
817 689
838 869
419 327
63 443
983 260
907 234
107 584
718 152
229 984
859 834
141 831
932 542
238 381
275 757
175 636
594 493
209 9
998 267
743 23
219 80
437 9
518 226
594 380
315 613
427 111
121 822
893 144
663 892
225 848
134 362
263 530
176 444
747 823
768 208
43 940
138 591
198 712
517 844
165 331
722 762
866 186
972 118
357 798
222 514
320 501
601 868
907 997
783 190
986 822
364 902
660 683
612 172
406 743
9 863
621 42
881 133
956 689
833 58
374 90
251 397
628 873
165 981
682 321
98 24
795 98
282 530
445 293
585 538
559 684
126 634
279 162
239 686
75 953
848 647
248 857
287 228
126 340
678 511
171 855
577 712
417 587
679 995
248 49
175 704
847 382
142 227
419 146
300 151
963 465
893 880
31 1
289 738
127 680
37 688
387 991
775 902
799 12
223 702
611 589
618 72
180 739
881 938
73 629
536 379
241 459
958 566
280 185
9 477
980 845
301 541
287 606
146 606
368 978
973 107
594 352
833 696
261 191
122 225
377 868
484 8
86 844
214 369
967 589
769 356
591 573
260 377
654 996
48 659
694 830
167 852
249 276
31 74
674 810
942 855
9 921
203 95
294 106
901 200
743 857
874 920
503 288
677 443
825 392
407 190
89 294
958 319
725 16
853 459
156 877
986 556
1 852
437 884
478 128
649 948
634 218
818 805
456 638
921 532
944 915
671 576
156 563
840 708
737 844
644 776
794 189
33 837
654 417
589 840
951 353
884 772
761 55
724 173
503 906
275 881
603 965
180 818
269 607
788 561
846 363
405 111
353 662
466 143
675 65
451 779
516 887
519 336
748 19
832 548
798 281
747 435
418 93
184 966
318 738
873 105
418 204
8 592
767 658
256 142
755 250
371 709
162 518
593 4
830 379
298 936
544 576
842 32
1000 2
472 987
660 926
734 874
121 458
291 796
878 832
699 737
960 559
47 853
655 10
678 921
458 308
4 120
96 905
415 934
625 102
421 17
499 849
925 641
303 29
469 261
62 492
265 590
395 523
468 67
53 759
990 72
937 92
175 324
605 399
307 372
180 438
408 733
219 558
482 978
908 218
302 57
70 181
878 876
719 296
903 593
465 621
818 43
840 591
527 689
783 731
382 250
899 310
3 269
561 267
563 837
515 230
954 330
183 998
945 5
486 231
289 569
269 579
684 358
547 166
694 267
387 915
550 815
149 142
99 815
872 621
615 271
690 674
177 381
486 449
841 726
716 934
863 785
81 217
444 973
237 982
336 143
741 454
686 569
911 476
788 9
205 544
114 242
3 999
78 425
791 313
780 661
777 965
761 902
560 375
82 999
322 22
177 825
679 118
117 979
744 99
449 409
506 346
768 275
592 55
739 808
422 116
463 616
697 284
335 226
863 395
97 760
648 248
891 978
928 88
674 564
783 202
769 945
403 534
867 93
868 482
639 545
875 722
293 203
619 957
840 830
40 166
23 39
245 115
175 344
362 305
165 786
314 572
478 491
836 729
306 168
213 12
754 810
684 917
651 646
656 254
100 968
534 243
149 63
225 201
387 710
46 457
909 885
552 462
20 748
42 868
565 258
429 464
395 64
478 807
686 264
10 361
932 365
729 875
15 984
381 40
992 499
385 219
519 408
107 984
366 823
607 927
189 838
889 734
963 163
512 281
261 346
321 487
72 367
471 377
627 511
115 70
243 454
873 835
985 697
893 256
289 242
864 522
683 462
702 382
481 874
333 713
246 682
337 654
503 57
177 805
472 915
588 321
860 766
57 255
646 353
561 703
984 175
859 446
695 812
644 322
692 864
423 937
230 841
550 156
687 861
320 357
504 514
212 307
203 400
757 537
5 682
136 343
502 140
771 669
827 711
330 21
3 807
80 363
896 988
913 18
607 82
813 633
139 598
502 430
969 267
149 657
280 544
740 958
550 440
284 396
730 728
295 728
921 345
903 409
759 12
429 18
486 77
785 506
386 965
816 400
600 263
127 730
885 298
429 308
68 244
15 911
714 148
932 349
775 897
599 733
784 348
15 572
521 671
557 73
979 651
62 523
531 579
471 428
720 376
739 676
243 309
831 156
17 970
34 1000
915 849
879 128
437 413
185 108
995 415
997 245
52 196
807 116
406 115
782 741
704 221
891 207
104 139
322 94
161 324
859 365
482 280
268 899
750 241
844 78
441 549
545 175
765 972
190 827
726 985
529 371
30 960
549 880
324 338
350 61
190 650
601 97
430 373
692 840
431 164
11 699
41 686
250 224
88 251
876 108
288 525
17 193
765 270
222 138
700 8
303 719
508 819
880 198
58 526
24 914
760 412
387 352
425 565
871 440
28 630
322 855
67 125
477 249
25 488
478 562
740 801
814 40
597 664
174 203
219 942
737 45
98 609
158 735
710 792
324 227
126 83
92 71
244 442
50 591
197 780
36 398
573 609
336 672
387 828
708 408
992 443
223 669
798 169
637 415
552 563
720 469
607 983
225 701
564 622
727 242
158 155
147 358
318 477
856 804
599 948
621 540
180 486
623 50
668 627
92 434
57 198
310 528
132 272
172 285
282 677
365 971
159 789
317 708
518 356
134 605
262 550
708 626
32 499
130 896
744 806
374 225
156 940
449 222
32 98
363 368
700 529
414 652
723 752
819 133
584 798
680 733
93 440
666 528
360 717
164 325
299 858
925 930
766 528
92 743
934 944
115 702
938 575
402 137
47 377
107 34
771 85
595 377
687 329
747 82
838 175
624 231
254 422
634 320
448 973
766 349
241 854
899 326
538 10
975 499
245 722
176 967
619 429
367 341
508 420
608 986
419 173
771 896
376 782
457 627
479 650
867 952
941 481
618 126
983 810
80 429
570 509
867 923
777 573
48 495
506 935
752 915
968 208
966 975
785 697
58 184
834 681
10 39
581 684
584 384
343 169
163 543
495 338
679 459
485 360
927 577
471 709
919 849
425 501
100 49
764 8
929 37
964 12
146 329
827 655
43 979
887 242
85 308
108 763
551 59
792 410
77 688
82 774
865 641
747 619
460 399
743 864
118 4
873 674
251 370
416 813
218 617
138 411
779 781
350 106
959 564
28 250
361 819
602 275
454 196
990 922
845 810
306 71
610 153
944 973
73 531
14 735
17 137
537 626
661 114
16 463
273 432
737 907
700 121
762 302
908 78
984 284
289 385
98 694
524 958
463 370
357 987
638 292
182 286
37 521
495 845
334 453
39 947
279 604
515 338
148 265
794 263
500 868
847 699
885 631
758 751
675 233
270 655
972 605
354 772
962 583
559 859
376 520
345 639
719 603
57 435
186 265
519 185
426 280
138 148
690 937
637 201
310 958
753 167
160 787
484 884
256 405
20 502
459 190
591 889
705 698
281 966
384 779
468 704
706 543
346 740
956 621
773 97
497 336
672 659
763 93
88 851
998 560
84 263
356 620
854 231
412 270
887 357
302 293
527 820
143 870
395 545
312 633
477 833
763 296
783 463
862 76
594 726
539 123
188 11
245 86
961 781
875 195
88 143
452 656
70 99
537 590
814 162
862 366
921 351
944 727
463 417
671 652
908 114
915 217
876 446
515 144
629 18
477 261
867 645
172 309
136 867
125 371
932 463
404 800
706 324
780 139
361 389
417 427
695 56
453 111
571 246
497 581
7 317
978 12
561 60
48 73
841 796
295 652
590 897
171 277
655 719
452 266
167 801
744 480
689 289
780 632
567 256
551 959
518 204
405 525
255 583
263 483
266 325
565 879
18 418
551 780
367 863
460 19
775 324
428 561
323 285
967 988
824 278
18 309
561 687
242 215
761 957
423 878
765 745
659 196
925 108
170 27
83 790
476 831
627 617
213 130
204 238
226 786
815 446
857 236
426 732
658 391
531 111
56 333
19 323
282 915
65 1
247 825
658 22
324 888
832 301
711 31
658 169
843 239
202 253
476 460
114 929
282 181
825 408
553 22
774 958
666 735
913 522
443 874
482 972
301 264
670 915
819 503
516 317
497 971
249 920
378 764
241 984
779 876
455 912
477 248
206 302
482 558
508 530
144 491
879 525
412 459
274 866
666 96
337 478
211 325
404 567
231 830
489 171
370 414
323 812
414 501
533 865
239 128
224 935
189 939
463 973
537 108
819 800
399 496
407 749
72 458
825 780
537 128
646 994
703 791
160 494
979 535
855 440
695 339
938 420
332 155
314 506
722 271
7 941
191 80
447 186
327 656
475 677
242 104
794 819
982 148
711 558
878 101
237 163
403 433
722 561
541 107
389 142
302 673
759 789
855 783
565 609
414 595
734 612
844 28
594 343
48 927
937 205
810 47
48 473
994 422
959 898
66 815
860 965
814 389
691 337
568 388
363 256
21 479
611 38
944 851
14 337
36 777
511 105
717 686
188 92
5 626
279 119
192 7
636 578
767 312
326 182
278 181
546 989
734 194
148 673
990 360
573 192
645 691
246 891
887 747
187 506
858 893
897 783
112 603
202 62
277 229
671 981
505 636
537 465
786 272
334 25
56 931
267 96
287 877
324 486
629 925
284 532
466 915
647 491
200 315
788 420
536 437
516 907
132 576
3 856
65 611
281 606
376 604
472 667
859 25
881 705
312 196
820 868
68 641
278 177
34 785
367 919
560 361
209 222
30 349
161 402
255 918
648 924
223 180
407 429
445 858
530 480
535 913
592 836
425 150
449 8
468 796
30 639
179 419
363 462
994 356
740 320
528 848
302 415
200 487
999 586
875 440
742 958
516 64
130 647
611 66
832 277
283 431
217 423
771 402
94 628
810 583
779 540
176 567
766 668
268 31
452 716
804 441
201 68
787 717
245 403
451 524
783 825
163 384
735 528
918 16
300 799
288 899
1 350
25 80
278 802
63 520
357 811
943 564
555 60
286 361
141 602
962 253
272 407
115 987
275 536
607 763
756 39
738 630
63 921
615 220
319 483
430 584
197 963
719 834
225 538
667 687
719 505
301 933
56 536
592 570
992 356
118 516
318 696
708 982
216 862
414 239
346 161
773 428
646 938
668 662
225 740
299 29
122 648
655 904
555 118
76 329
169 569
82 566
12 781
203 854
873 978
602 176
587 556
130 807
313 426
646 359
869 358
30 712
846 686
557 713
429 682
824 907
288 150
342 857
805 351
809 788
350 180
943 449
854 228
213 228
700 730
536 619
957 229
575 650
167 611
40 245
295 558
187 614
409 416
808 250
130 282
573 38
177 506
706 105
778 682
385 72
823 418
942 468
926 953
876 296
288 705
571 442
75 523
146 667
261 966
248 197
789 464
58 330
240 601
760 352
468 843
447 636
624 447
254 78
275 967
741 600
499 101
872 545
319 438
429 306
732 141
205 267
888 115
46 709
107 553
993 968
812 132
10 154
229 22
747 601
215 71
822 85
309 398
717 257
65 698
177 532
513 82
91 74
632 342
464 56
357 259
177 613
329 974
162 464
226 606
82 538
837 922
470 93
953 831
630 703
556 822
75 235
7 622
113 65
384 551
994 714
281 929
265 484
347 11
905 212
464 644
123 409
550 190
40 947
957 152
47 144
430 264
213 248
878 592
948 333
127 326
790 632
163 1
423 685
209 865
835 693
584 883
159 493
342 583
537 783
539 169
778 799
230 548
767 263
560 93
535 413
185 849
767 404
54 577
1 587
420 107
496 753
484 141
776 387
914 281
258 461
421 527
136 945
447 515
269 715
590 593
653 293
968 329
235 442
960 487
702 926
944 466
267 71
884 516
625 967
607 819
903 50
941 507
105 107
432 149
55 365
591 335
115 62
336 305
483 546
567 502
624 52
200 156
372 518
461 376
941 558
377 773
345 295
687 905
220 993
963 923
142 860
473 395
773 134
190 104
674 845
679 220
638 827
566 630
289 410
365 143
815 349
786 53
401 81
758 281
722 995
173 749
527 254
958 769
277 703
259 476
62 403
503 551
648 396
278 219
120 635
282 150
156 739
451 757
857 434
531 473
454 504
985 741
973 916
637 795
531 817
895 71
573 223
353 100
46 65
693 906
529 153
822 550
274 820
22 62
371 328
724 204
232 642
340 725
750 836
876 391
1000 65
405 31
499 428
83 173
391 28
230 12
469 920
629 890
331 907
595 198
154 896
690 718
819 910
785 257
404 72
498 351
104 762
105 71
512 641
234 357
402 537
827 280
190 456
542 893
210 506
357 121
752 917
272 729
126 198
422 687
828 934
812 483
975 561
255 604
817 435
379 270
570 221
38 927
285 821
228 121
12 874
470 42
788 251
864 609
260 316
393 262
622 152
470 389
220 884
539 676
936 829
302 706
764 121
857 265
584 719
611 275
622 43
536 882
830 116
337 577
999 423
655 107
288 139
237 424
934 22
60 487
84 493
856 382
337 441
835 475
545 199
436 47
269 254
473 931
662 639
75 179
569 347
465 787
197 364
35 513
622 583
202 50
573 1
748 105
17 143
151 476
541 724
923 739
549 249
491 865
205 947
444 313
878 256
568 989
222 610
962 897
597 606
824 994
417 540
235 501
606 772
816 326
780 225
913 512
662 133
665 103
794 261
450 662
230 187
16 909
400 620
341 663
710 512
489 412
464 206
506 953
983 185
289 917
896 123
128 21
241 444
910 16
86 804
488 83
30 170
57 34
20 146
993 766
704 887
502 596
712 322
368 648
320 555
69 928
964 568
159 862
972 995
789 563
475 105
246 728
449 122
468 706
394 557
269 195
653 743
151 975
703 226
706 2
799 995
467 522
667 509
307 245
861 678
683 894
388 402
675 157
969 605
16 526
576 937
832 451
613 578
801 600
496 488
848 605
815 107
635 324
438 554
610 187
487 966
683 977
580 662
670 964
84 820
802 747
947 494
239 392
94 877
477 259
137 856
211 427
729 682
3 236
163 12
128 916
906 748
124 591
361 395
324 25
732 142
186 102
793 54
137 570
963 354
600 552
709 138
737 337
314 130
24 184
963 243
727 378
121 805
33 362
585 261
37 926
8 952
427 62
135 257
963 128
46 932
488 32
566 47
15 735
842 783
38 596
555 314
774 88
49 717
212 815
181 3
90 143
697 157
841 377
483 256
750 410
471 655
826 490
191 284
907 551
8 711
227 200
289 746
928 165
730 241
973 194
164 767
611 302
574 934
152 947
190 943
549 748
237 368
297 43
243 995
875 498
640 28
86 383
36 640
40 835
916 940
373 961
728 240
431 161
383 184
517 352
264 410
281 638
257 631
260 622
616 692
304 566
971 481
103 2
644 756
594 587
866 932
723 789
136 547
656 170
838 70
876 269
70 220
291 129
862 328
365 784
558 193
995 617
762 356
836 931
186 827
766 292
948 817
311 115
558 48
304 227
802 638
750 792
70 510
973 366
440 931
537 507
131 518
999 692
85 903
893 784
604 421
471 254
220 446
375 578
600 516
276 111
205 447
116 878
686 438
210 279
949 768
882 485
457 694
439 610
355 639
673 838
780 542
845 281
931 410
185 28
42 383
3 911
798 78
51 457
778 410
172 637
969 935
33 193
952 489
844 143
481 919
887 235
265 438
837 782
750 33
860 673
98 595
463 656
321 127
13 609
103 606
91 533
42 179
857 81
355 136
304 918
599 501
913 300
449 367
515 624
623 499
38 399
505 625
152 830
752 355
992 722
580 953
299 974
47 36
685 235
322 268
113 424
701 39
294 711
634 250
869 881
175 320
527 927
696 409
750 180
302 607
141 193
53 917
644 744
580 750
68 410
890 286
197 58
92 256
475 392
917 721
957 720
74 710
767 233
418 808
36 207
495 810
461 838
447 695
304 143
124 512
341 850
894 228
566 737
310 405
685 55
444 747
543 169
525 654
193 941
968 501
56 655
272 572
111 875
992 491
297 927
33 673
664 893
975 643
777 947
599 996
347 303
129 912
977 180
831 209
264 681
82 592
428 612
511 413
312 181
419 504
6 329
356 134
217 888
40 735
366 347
262 630
344 373
967 823
843 877
846 592
62 195
925 351
2 621
164 567
181 767
661 709
424 348
95 216
854 222
808 482
661 822
442 800
545 329
49 962
529 312
765 866
15 682
877 309
458 54
867 174
80 524
264 451
766 928
558 176
244 906
724 412
407 960
156 704
803 357
329 140
212 223
340 276
378 707
239 518
404 553
277 293
154 80
836 596
654 413
809 404
41 546
978 261
27 627
84 640
533 965
145 524
537 974
349 356
634 253
137 908
865 489
712 824
766 463
971 465
54 987
774 448
941 433
618 206
728 514
747 494
470 907
107 591
570 301
54 74
348 339
314 239
863 881
243 172
686 494
500 517
638 999
640 194
604 179
146 631
220 644
829 786
497 777
982 596
915 825
39 81
427 243
377 218
403 122
721 139
613 909
669 107
130 447
392 56
216 493
411 573
129 670
246 729
122 987
263 815
531 999
143 501
695 808
293 312
186 840
283 254
752 461
679 372
717 897
41 416
96 552
497 294
869 582
47 254
269 144
967 57
716 255
75 193
606 282
476 491
355 446
596 958
748 63
490 731
219 383
353 193
376 286
533 662
58 630
847 298
206 422
192 240
780 465
654 462
92 345
671 649
179 200
145 607
183 35
666 11
831 887
387 550
926 601
620 950
72 868
208 544
181 447
280 992
390 421
174 508
106 478
21 407
759 791
727 373
613 220
695 219
555 428
847 124
232 151
507 271
162 190
517 632
459 480
744 370
502 518
413 495
313 171
276 793
892 9
621 709
967 985
256 453
997 322
781 661
362 10
396 316
660 886
937 431
630 556
705 667
143 495
213 420
360 936
877 125
184 150
463 615
541 166
302 618
587 296
499 888
886 868
796 20
834 195
234 674
229 577
715 76
860 915
184 500
807 692
558 522
725 27
621 154
568 346
236 440
899 146
807 517
26 266
887 763
416 566
573 72
499 519
207 254
781 59
162 973
326 216
933 878
305 979
268 33
822 600
864 334
777 431
814 44
482 557
33 969
936 858
206 348
27 571
581 112
908 480
106 16
288 973
1 132
367 331
577 969
293 426
139 50
286 167
380 710
328 121
880 646
559 574
928 824
504 362
219 241
772 889
439 972
744 432
7 136
907 390
964 189
875 522
767 520
972 608
579 286
67 50
565 735
323 220
587 827
474 80
901 317
372 695
212 844
133 980
744 253
411 734
708 856
433 954
621 843
630 665
591 653
652 938
890 429
696 94
130 924
368 447
938 999
703 293
541 138
652 630
69 665
805 277
900 63
995 123
613 520
942 598
546 327
160 282
3 981
239 926
64 166
134 770
83 654
468 72
95 363
260 956
500 473
959 754
11 247
132 176
575 930
234 134
396 3
70 174
684 57
923 306
856 115
177 180
50 186
107 439
179 546
655 621
355 1
535 129
387 721
948 790
509 232
372 160
923 592
463 267
690 381
528 96
215 442
362 922
571 194
634 15
542 577
196 5
716 844
37 883
96 145
3 703
760 120
746 183
286 18
345 758
823 985
81 66
21 463
742 139
4 432
747 547
510 607
521 548
731 847
480 542
228 148
428 470
525 960
105 359
171 124
744 330
371 597
851 863
964 454
33 236
859 312
952 390
521 151
13 563
165 328
612 39
726 59
503 374
164 14
554 120
901 213
830 197
603 31
817 974
433 529
565 280
658 458
894 562
644 137
368 42
387 224
243 595
333 868
579 596
161 979
697 828
27 407
645 353
957 79
904 933
140 367
1 663
406 430
210 743
374 274
603 831
514 431
552 788
700 390
693 39
762 187
709 336
876 265
179 913
842 115
131 786
233 440
340 644
857 534
969 76
334 350
7 268
505 684
422 781
776 699
908 424
905 883
442 54
421 213
853 804
529 566
453 598
594 84
427 839
926 431
751 350
368 861
148 107
722 176
871 529
87 102
973 65
276 151
265 467
246 909
122 663
599 907
217 697
271 924
399 203
529 804
578 642
545 459
885 442
204 119
521 179
460 201
243 747
463 730
437 757
337 530
29 380
880 275
933 791
181 722
312 799
541 370
778 516
946 482
877 186
456 874
473 780
189 88
367 659
240 912
210 568
652 551
636 534
714 888
758 97
991 174
524 745
746 553
302 11
322 733
400 127
808 140
827 952
8 117
738 213
465 543
139 474
981 447
804 472
535 88
539 450
576 23
595 309
631 563
277 103
546 883
932 339
343 715
365 955
663 500
220 477
888 408
135 191
796 667
746 858
710 817
107 268
992 182
404 812
956 465
835 623
157 564
141 635
806 899
435 930
148 297
521 817
479 697
230 165
641 504
128 213
392 586
319 145
233 976
965 431
785 825
146 969
238 291
755 119
189 869
372 557
718 146
964 233
694 22
589 196
369 353
497 820
206 684
473 259
94 717
705 632
355 803
820 863
659 347
570 770
347 391
721 246
881 488
455 149
937 430
575 100
729 63
924 188
372 993
255 568
833 254
526 779
782 177
251 321
615 645
770 713
787 221
181 566
113 160
494 551
723 731
616 265
782 32
288 292
114 586
353 258
118 2
126 521
348 515
938 693
317 792
863 241
456 612
737 725
420 7
538 494
376 315
361 553
966 126
623 925
757 139
940 605
671 735
88 286
491 811
311 220
115 967
956 151
836 941
28 738
36 213
185 757
258 379
44 328
102 82
841 962
608 819
77 400
107 851
634 523
854 840
504 300
413 910
471 248
555 749
383 28
738 573
685 98
686 325
409 799
827 497
168 658
885 555
444 807
466 939
637 36
758 120
937 974
77 67
171 386
621 902
416 491
254 549
592 660
223 446
66 359
584 504
695 476
286 759
740 251
542 433
946 870
696 769
787 426
807 23
27 481
9 46
670 277
411 476
752 552
663 215
436 171
185 365
113 867
503 882
342 478
470 350
950 980
255 875
411 108
484 622
36 599
952 184
517 416
352 900
620 277
18 985
288 678
933 692
464 897
982 711
567 687
805 118
697 597
117 430
834 454
400 40
93 341
934 949
373 197
598 518
411 424
396 60
697 823
175 412
774 809
463 500
805 825
789 420
604 916
139 269
447 544
182 311
923 499
712 798
931 124
988 123
66 42
427 717
64 513
387 740
679 97
3 702
318 561
48 21
175 996
414 100
457 711
947 990
393 815
746 199
234 499
593 184
846 154
686 45
798 25
252 243
949 147
220 593
276 867
933 971
466 689
432 609
731 71
843 513
845 499
773 342
977 827
225 958
617 364
345 897
72 839
761 659
657 598
643 647
77 683
886 899
246 354
601 785
543 914
982 406
416 947
489 771
570 540
282 932
728 396
428 817
847 909
830 853
378 124
846 280
202 174
863 151
745 984
688 973
526 29
568 275
550 423
37 240
938 653
904 821
619 832
636 610
947 249
913 953
255 52
131 900
526 768
444 325
727 958
653 55
895 100
524 804
27 708
102 312
658 542
610 359
828 402
322 535
888 381
247 874
637 542
874 176
117 708
552 436
291 40
572 943
600 416
90 573
909 960
966 755
827 91
205 355
201 534
957 980
319 495
646 670
432 193
965 313
141 679
572 653
67 495
214 386
585 366
452 275
860 176
932 517
841 870
938 885
500 519
824 545
6 791
772 961
313 28
480 571
100 508
137 334
964 261
161 80
256 332
367 838
594 262
996 182
391 598
547 644
397 533
806 435
399 123
21 565
226 553
299 319
854 431
223 148
5 97
578 421
302 733
74 580
806 157
293 294
403 346
521 3
192 647
28 53
126 816
161 668
570 560
94 274
792 618
665 796
942 540
464 555
139 785
657 860
587 415
420 782
113 276
334 844
207 454
43 609
899 184
313 811
443 724
351 935
725 246
670 727
305 715
344 137
839 146
52 576
224 485
26 167
245 81
44 698
287 348
968 169
663 17
480 206
244 799
995 737
753 771
932 22
753 567
112 441
666 486
317 582
729 574
344 604
877 492
462 236
377 108
272 709
755 683
457 812
721 527
408 168
634 756
548 164
571 13
205 263
189 898
462 398
300 29
543 99
506 774
512 733
694 245
881 978
953 445
606 513
96 346
176 226
603 269
346 286
864 863
292 728
591 484
141 962
100 257
335 730
752 976
470 887
953 159
772 933
190 278
891 487
323 371
553 786
129 990
576 179
367 858
6 388
892 11
933 583
181 994
57 172
171 212
467 717
910 329
890 407
503 506
772 505
296 434
39 298
42 218
226 815
925 261
503 313
820 493
882 866
389 984
193 207
505 205
535 699
919 344
705 84
173 534
959 587
601 107
340 249
711 26
930 863
53 668
827 761
867 232
134 951
526 469
213 998
107 175
382 999
438 565
459 618
657 491
362 371
326 222
738 246
757 138
667 190
432 333
620 246
236 751
58 763
121 345
68 304
505 762
13 369
40 273
46 267
31 93
788 568
535 808
431 329
207 991
577 975
228 525
780 164
358 440
287 884
441 316
224 956
632 41
461 897
305 413
733 885
143 839
573 748
669 493
475 541
231 616
293 809
440 371
548 836
637 957
251 691
241 377
318 455
45 973
379 215
788 227
882 194
76 141
973 153
208 29
854 356
712 413
143 9
327 284
203 786
207 890
412 62
569 101
773 19
479 118
222 538
708 632
838 571
910 468
697 265
990 646
320 308
728 433
928 51
801 315
450 651
550 222
19 354
204 926
596 616
702 142
879 82
240 74
937 670
27 44
834 340
736 746
535 332
38 364
900 351
26 364
961 863
110 603
967 338
471 899
606 99
5 910
474 813
566 574
629 837
266 529
782 633
73 105
746 768
943 942
465 400
715 519
720 875
130 147
390 321
917 432
59 936
480 323
779 435
138 265
168 503
36 424
573 671
854 964
600 739
86 562
827 284
920 234
240 234
100 330
686 465
345 613
508 247
146 526
405 991
103 726
911 293
470 191
162 228
128 444
275 447
405 576
699 548
830 286
280 406
79 526
583 578
532 140
384 628
523 451
834 103
910 432
109 217
412 703
834 150
504 749
401 49
455 386
386 647
219 487
544 47
505 133
303 62
936 329
700 674
113 504
477 887
758 488
732 755
757 919
554 811
331 414
616 608
32 977
568 643
628 134
558 802
351 608
435 573
420 431
719 277
25 313
260 688
103 80
753 829
969 114
254 452
71 758
27 651
115 958
813 321
274 750
945 201
520 723
816 378
634 721
550 460
693 652
604 505
846 426
528 29
614 134
542 931
552 723
724 764
594 82
816 88
708 478
475 85
775 184
279 937
873 42
986 331
755 10
539 969
225 767
483 463
526 753
929 249
419 651
394 503
894 594
772 736
665 592
117 783
479 168
280 498
445 776
191 228
564 322
312 963
699 689
246 732
963 740
108 725
180 250
159 757
203 171
683 229
388 15
763 597
639 748
514 845
988 627
94 275
477 697
260 193
274 951
251 276
271 451
520 85
153 652
264 275
763 177
400 951
783 420
610 196
791 889
848 593
347 336
26 309
317 242
778 868
875 296
982 524
961 919
623 778
629 329
886 424
27 901
376 289
908 778
502 417
16 402
558 830
101 689
601 345
804 474
309 932
421 534
6 652
448 924
177 242
658 515
552 2
609 215
827 152
40 310
215 399
441 438
704 380
82 64
595 470
837 146
297 843
571 125
534 355
862 940
636 44
850 972
690 613
803 350
988 834
916 167
989 567
337 944
29 794
389 236
911 492
949 857
162 189
241 348
53 308
539 554
102 579
358 985
753 505
77 959
761 982
704 855
688 600
506 699
146 376
538 58
366 423
646 181
594 354
707 425
359 874
195 733
413 270
401 334
699 733
429 649
606 475
368 485
744 832
710 437
770 630
298 387
173 533
9 716
728 244
892 575
820 268
182 221
382 917
754 568
296 96
61 160
300 664
675 956
969 351
537 899
792 916
286 750
575 480
839 774
878 856
274 954
349 22
866 928
784 192
575 792
779 603
942 501
581 347
927 355
896 733
866 787
606 485
67 618
693 802
527 714
128 998
900 952
405 6
407 600
927 385
367 421
163 44
556 429
477 404
975 405
873 311
470 583
239 142
903 41
27 192
854 953
898 427
542 778
443 550
163 923
664 148
573 860
209 73
542 149
603 54
786 618
678 548
347 372
683 510
578 712
699 567
464 424
431 668
927 763
859 209
899 678
294 172
228 416
801 216
808 748
717 868
186 924
669 961
873 574
584 551
859 511
678 913
381 783
430 138
41 364
118 322
355 140
249 401
47 194
194 274
198 298
606 439
933 813
717 582
323 80
919 270
499 857
419 446
762 849
35 667
227 343
800 237
710 288
252 994
109 935
923 233
113 402
587 132
511 228
684 794
97 144
170 972
210 657
691 226
189 871
463 502
931 768
953 824
92 284
440 869
679 978
386 151
780 107
432 505
968 283
966 378
435 766
330 488
900 924
853 924
513 465
605 75
733 182
112 672
370 444
580 287
840 164
931 207
879 269
82 411
159 301
383 835
375 979
896 148
327 588
642 904
437 60
779 984
465 195
134 135
337 777
570 841
312 185
845 497
368 752
664 317
973 269
328 398
501 572
686 914
162 419
53 287
716 497
875 150
541 250
184 690
708 605
287 300
624 656
165 611
493 825
407 137
304 950
856 323
244 752
958 364
212 406
228 763
945 673
758 489
26 478
300 721
743 639
815 82
892 615
932 838
365 545
97 835
648 429
732 611
70 126
697 992
404 582
131 902
469 756
272 80
119 194
326 950
20 517
774 666
181 960
568 849
914 709
556 486
594 817
956 456
409 955
283 926
267 53
767 798
380 302
721 690
567 44
780 877
799 19
327 786
1 114
663 544
663 913
958 515
155 850
686 498
708 110
323 8
252 162
732 372
8 303
661 176
648 753
25 918
815 879
600 798
103 757
437 385
658 594
522 121
707 63
247 494
823 589
275 75
63 424
216 497
218 131
367 550
575 77
99 412
762 580
688 431
319 643
857 360
804 801
566 384
255 513
19 191
631 170
977 967
389 849
375 360
373 399
184 365
131 294
621 33
17 435
754 386
795 204
354 20
344 226
199 860
83 703
304 688
430 464
144 841
479 422
311 855
832 230
122 333
698 723
454 453
741 799
917 676
596 101
944 718
862 550
501 325
435 649
370 738
900 965
560 574
210 123
49 63
656 97
159 54
547 167
901 769
776 858
230 201
250 763
774 416
151 416
281 333
674 268
931 976
160 761
50 645
586 595
492 838
771 767
370 166
160 616
142 552
589 193
132 518
423 1
794 951
389 497
392 427
803 507
752 801
717 29
521 498
668 615
143 55
794 841
501 106
566 509
401 333
899 730
332 419
684 430
762 600
924 191
109 785
990 680
406 553
118 359
134 760
672 191
377 687
801 285
970 444
60 420
994 441
373 859
726 977
710 426
412 361
910 24
435 184
81 218
437 970
277 677
160 353
127 221
771 323
94 46
477 958
173 421
558 595
415 376
752 90
60 121
153 905
249 48
1000 792
568 700
53 956
990 375
408 633
28 590
754 874
774 723
956 146
898 126
416 422
35 139
323 644
219 427
954 302
148 883
847 217
499 71
193 964
822 489
309 714
609 476
16 645
633 470
67 280
506 792
486 466
958 584
372 413
929 326
837 693
215 97
146 552
383 831
96 471
133 830
760 830
284 702
767 645
547 825
380 134
290 378
254 699
475 698
955 628
8 695
105 425
643 799
358 804
493 963
47 860
913 406
750 149
722 842
664 416
492 12
221 586
212 903
942 602
190 735
247 794
605 740
491 460
592 497
978 982
923 123
448 25
841 470
70 896
550 446
681 61
330 85
520 253
630 200
136 742
732 664
87 915
805 196
623 845
679 751
560 374
596 191
101 871
700 109
993 477
460 950
201 3
268 193
219 533
519 632
615 979
732 813
36 244
149 947
300 193
908 123
432 260
491 566
58 511
425 587
392 807
68 52
340 945
351 122
695 121
131 847
776 993
160 545
641 86
829 777
186 381
102 697
785 919
660 101
453 801
338 956
726 482
724 243
640 25
752 605
630 569
369 447
367 924
632 515
692 293
967 925
213 396
310 756
21 911
446 404
757 746
388 21
504 640
194 452
56 413
130 636
57 964
864 167
89 91
164 387
806 86
956 679
433 614
565 405
883 986
754 494
210 592
544 144
340 51
785 90
398 835
39 931
136 642
634 788
268 391
553 87
75 919
993 392
403 876
153 833
231 8
452 715
698 687
844 929
979 186
982 819
783 774
383 290
365 979
44 380
228 737
851 186
874 191
222 759
779 320
417 391
989 271
422 912
157 477
49 252
573 673
337 57
135 394
104 732
637 494
285 313
8 898
560 95
124 374
556 43
778 125
671 17
873 185
980 891
86 830
786 544
290 307
360 147
358 898
346 970
474 135
517 801
510 857
95 821
78 573
155 736
85 367
610 670
189 85
740 13
223 670
973 385
955 922
302 595
982 433
273 959
682 711
443 523
795 862
759 1
672 3
662 465
584 975
92 786
921 740
773 779
133 492
957 111
524 534
62 429
383 789
197 330
62 572
321 614
53 935
57 376
614 612
361 706
682 275
72 907
847 767
370 656
775 581
761 33
373 299
488 731
44 760
628 311
19 969
993 118
353 791
634 640
943 608
750 774
396 293
92 116
992 74
854 800
1 44
572 829
556 346
333 207
138 463
964 55
824 738
401 887
245 794
935 758
243 30
182 618
802 169
793 796
181 348
256 13
845 197
457 668
537 905
117 919
928 767
547 839
508 57
937 871
494 124
78 383
228 168
854 748
11 386
986 476
968 895
612 310
696 873
95 809
563 93
527 348
584 702
499 956
338 929
247 257
921 934
367 682
763 113
431 73
839 444
731 735
454 858
478 108
207 566
958 346
338 707
389 965
468 962
711 134
714 934
731 588
296 211
539 305
408 813
84 146
670 761
527 784
307 501
898 848
787 959
627 828
739 470
154 320
155 185
50 433
162 855
658 816
991 692
482 964
357 680
981 494
359 14
329 79
404 639
244 894
207 106
745 695
463 28
67 991
379 977
322 940
898 101
600 187
939 967
448 952
5 192
859 113
987 527
63 42
439 180
297 651
582 917
465 685
766 441
159 21
945 96
740 72
487 537
91 272
3 582
980 622
272 613
592 618
992 436
336 296
858 421
896 138
219 101
210 416
138 197
190 50
323 195
587 830
713 591
950 364
609 558
683 355
498 103
317 487
855 33
346 811
547 357
971 556
994 903
706 254
685 546
372 803
467 893
692 322
198 767
553 924
75 320
83 845
7 587
817 763
881 392
832 872
517 138
773 16
167 257
80 361
318 807
636 150
412 424
374 254
411 96
206 146
948 185
531 147
71 58
644 146
773 818
675 482
960 711
902 734
367 307
400 270
308 655
58 870
75 140
631 947
210 621
320 213
960 637
715 508
313 864
942 957
320 68
502 380
305 784
612 783
572 306
19 690
569 244
120 753
62 756
156 617
309 873
467 751
652 201
176 658
815 348
59 207
64 359
799 283
214 809
989 185
538 19
634 696
343 380
453 492
631 73
709 772
205 379
680 463
993 761
280 989
211 583
358 298
920 237
495 391
479 514
461 51
941 361
203 580
609 729
1000 442
457 617
582 756
507 458
474 49
265 250
547 748
733 745
834 832
400 62
592 914
669 50
719 513
857 274
126 905
401 276
424 691
705 838
765 538
108 259
569 247
256 672
847 792
155 466
265 694
393 457
322 417
219 35
867 71
584 803
839 21
821 570
523 878
564 712
153 550
409 460
961 143
193 293
247 622
654 218
838 343
400 249
883 842
921 553
888 564
724 410
965 848
692 952
457 73
149 643
439 533
580 697
32 579
774 777
248 625
888 274
638 450
657 321
197 24
804 48
455 848
137 805
944 691
466 43
432 487
604 325
396 258
179 690
555 779
580 494
291 729
125 471
901 330
900 769
484 79
404 326
580 381
451 163
332 614
684 467
618 91
289 829
458 988
366 829
422 627
479 614
246 791
954 936
907 338
579 106
581 536
986 104
626 179
259 560
65 865
621 364
967 896
594 633
511 516
882 920
100 173
359 976
566 390
717 810
831 206
593 356
811 301
193 118
416 979
402 218
848 822
850 686
447 241
568 469
786 116
649 820
597 86
9 725
657 225
571 871
387 80
174 872
302 157
126 609
307 265
610 178
652 435
321 613
987 641
913 921
54 637
53 934
455 534
84 972
451 579
549 134
438 847
775 580
995 626
580 556
597 650
908 107
875 984
822 551
415 53
54 671
993 117
206 330
776 717
482 754
909 911
750 775
628 423
591 93
266 822
475 148
613 390
998 192
157 416
323 968
604 79
487 581
809 387
252 283
953 306
882 504
186 323
870 281
232 157
621 925
252 192
417 125
149 430
775 302
190 282
727 81
676 40
806 576
772 560
242 125
104 102
34 849
555 209
955 731
668 400
355 951
29 170
12 952
217 954
894 988
720 47
369 215
846 611
811 477
302 765
479 123
114 357
726 100
284 143
838 610
126 848
146 168
386 268
938 924
723 734
647 820
191 584
486 584
568 497
951 950
829 470
154 666
333 807
947 23
565 460
758 471
579 672
720 722
66 533
805 46
424 199
870 524
118 801
671 565
505 412
760 422
589 893
679 811
957 709
266 968
107 350
434 642
599 529
75 700
386 289
247 892
103 234
823 45
861 410
32 115
791 435
940 783
202 920
243 76
559 964
242 812
910 55
851 506
712 84
396 959
76 427
77 126
119 455
266 415
931 387
989 649
42 358
495 320
744 340
357 303
350 568
740 224
432 178
599 172
803 955
878 477
223 663
298 177
484 644
165 303
22 680
762 749
389 919
372 399
393 428
611 448
350 116
720 63
130 364
227 344
947 115
454 97
367 105
536 730
477 896
406 388
641 189
875 245
92 761
527 892
700 312
746 618
601 357
661 987
897 612
524 502
183 835
455 990
407 667
999 29
286 600
490 63
700 222
205 536
500 116
451 424
828 205
714 494
382 112
220 123
799 171
965 191
749 792
497 683
372 221
29 524
339 396
103 415
361 68
162 431
846 509
723 370
427 849
45 290
927 552
487 909
200 213
778 78
354 886
975 648
836 66
342 287
924 573
814 633
836 465
270 475
798 941
642 681
367 926
940 454
178 669
638 575
199 305
860 749
311 923
739 964
463 716
542 289
105 532
157 797
826 540
991 186
259 757
242 359
479 86
14 105
532 494
458 351
757 665
367 749
631 112
230 811
800 46
400 476
627 985
563 321
178 801
986 632
805 388
257 662
334 996
12 768
174 845
415 685
731 804
182 680
74 481
5 605
378 859
952 677
519 952
202 40
766 645
272 83
809 268
870 935
303 638
719 134
352 80
234 28
236 578
771 857
176 925
709 13
63 908
58 401
404 133
261 540
873 268
389 133
139 112
755 504
803 473
3 641
11 919
279 820
854 996
746 149
713 292
445 689
45 407
431 898
234 464
642 619
369 40
167 900
572 758
712 251
604 825
88 419
775 346
863 283
797 446
410 982
506 675
512 50
911 111
915 175
932 887
544 643
678 814
393 185
378 473
802 327
643 857
75 267
77 761
815 575
265 503
708 557
985 416
437 721
942 950
212 727
469 224
326 299
532 386
790 777
424 319
558 646
298 280
29 408
303 105
714 896
805 471
682 418
759 176
286 980
749 378
17 65
199 857
761 340
193 256
64 707
456 590
292 476
749 462
335 478
22 374
637 874
328 392
326 247
413 976
202 417
250 754
232 804
619 176
981 441
533 512
880 804
10 591
282 488
466 125
605 337
295 674
421 995
940 661
465 307
672 943
345 997
547 826
490 134
970 652
662 206
746 983
336 707
146 801
817 128
163 786
36 492
189 782
685 905
500 753
449 146
694 121
73 609
239 84
632 917
759 925
688 2
372 555
592 329
105 144
153 951
841 612
826 144
994 782
99 590
40 821
142 734
534 560
565 998
489 531
596 780
691 560
323 404
787 5
717 892
350 895
575 98
783 327
307 168
90 344
678 873
200 824
853 253
170 291
527 237
51 220
783 279
951 945
422 591
535 694
477 778
282 776
953 293
507 543
970 157
532 644
248 413
872 750
197 300
895 197
79 25
60 116
683 534
600 33
926 463
298 658
677 555
760 793
2 189
733 324
563 964
457 697
42 745
206 308
137 787
600 834
70 359
842 260
555 965
438 219
477 383
273 651
896 511
183 141
974 168
331 998
907 267
599 517
391 64
563 531
656 479
550 831
93 672
972 726
667 753
229 416
195 208
323 935
782 825
661 328
509 912
312 468
479 552
523 30
31 271
825 794
225 714
584 111
895 149
55 522
60 912
396 809
9 374
707 107
319 913
363 801
234 699
589 128
237 776
309 139
76 138
77 863
669 187
394 395
103 911
284 950
329 866
751 995
700 855
954 579
167 178
423 772
545 102
91 230
307 791
125 548
643 657
518 339
351 38
82 793
683 64
346 674
631 111
339 535
764 332
967 105
236 245
222 416
748 505
246 58
654 77
360 681
217 288
479 877
628 774
365 424
39 555
261 283
923 124
429 907
108 78
71 346
403 996
460 723
490 282
59 483
222 877
95 481
292 123
420 432
439 500
45 861
966 495
897 660
720 977
240 523
774 690
927 464
654 568
70 323
419 201
2 931
538 17
666 74
940 861
813 489
689 219
987 410
182 184
90 504
367 372
343 495
418 2
58 109
188 760
11 145
453 524
242 849
280 78
262 34
103 636
380 967
823 839
863 938
136 224
81 102
815 855
888 674
10 42
211 935
767 698
271 897
897 370
437 425
594 284
522 65
194 142
566 158
806 393
988 548
627 412
707 468
999 422
189 506
905 57
790 76
450 966
454 902
169 575
968 742
356 627
448 614
36 625
808 490
535 649
717 614
294 825
961 28
9 703
944 268
878 587
117 283
926 84
857 972
622 588
628 905
420 246
701 67
313 898
105 686
228 528
942 343
434 988
857 893
396 79
605 487
221 510
412 993
107 507
827 770
376 488
106 177
982 822
879 990
440 773
496 897
499 482
819 727
896 520
988 166
3 482
814 990
926 756
323 833
894 8
55 398
774 421
296 519
336 724
528 210
1 118
947 950
188 562
557 89
560 195
614 10
248 691
312 730
89 418
380 884
449 347
793 231
99 964
551 694
105 187
336 584
171 448
501 841
547 829
472 577
557 396
337 270
821 55
570 873
128 268
682 879
561 602
195 740
845 354
425 367
99 914
322 522
15 134
347 606
386 578
186 848
5 508
877 34
806 230
311 668
238 932
810 237
4 36
515 705
911 873
146 213
644 84
668 114
448 469
624 926
821 540
715 41
883 955
677 157
136 722
669 600
776 157
681 122
810 414
294 519
832 250
283 250
909 90
245 838
827 945
81 695
49 337
624 349
165 651
165 916
871 25
233 413
153 124
82 170
814 907
346 175
859 622
162 754
435 826
385 17
499 111
599 608
505 962
664 927
239 369
77 374
479 678
11 72
341 705
90 963
551 594
129 133
498 412
650 353
577 775
941 286
505 796
882 502
628 246
7 813
45 506
414 817
309 5
42 640
315 924
204 379
218 65
254 643
600 85
47 614
191 906
233 644
91 866
150 953
472 674
655 148
894 962
808 757
754 113
590 507
321 106
752 402
753 175
103 732
165 265
42 196
346 638
437 933
350 158
902 753
49 303
999 567
36 649
936 375
735 9
170 691
635 429
339 856
378 958
554 861
645 418
648 410
26 274
562 320
744 611
785 39
948 629
334 588
465 995
597 842
389 104
800 420
966 113
130 103
418 665
559 386
83 445
836 517
948 651
399 769
864 326
239 582
885 240
686 3
177 774
118 705
339 148
983 583
509 220
201 155
679 954
59 21
903 262
906 550
250 680
399 551
606 709
384 260
975 400
784 293
694 312
401 967
864 19
96 141
560 828
867 904
941 497
870 473
871 880
103 458
215 140
756 400
370 375
333 65
475 540
305 480
162 107
96 491
814 611
159 618
275 425
973 2
223 423
155 666
837 979
587 664
143 230
170 192
595 737
262 752
764 414
216 574
34 883
570 801
347 504
750 883
748 548
930 441
534 831
545 201
118 468
906 446
454 810
189 348
260 247
810 349
924 14
411 101
606 440
352 923
773 831
776 109
853 1
654 82
531 261
201 746
218 520
574 165
711 315
407 70
249 246
639 385
785 114
262 252
351 997
635 294
766 540
303 774
269 946
700 506
719 398
577 353
409 279
37 750
286 719
657 457
315 205
80 982
335 6
858 977
50 178
844 437
685 268
51 177
157 723
955 154
275 920
774 578
463 275
771 908
975 372
23 587
651 354
120 176
845 936
148 232
993 925
492 1000
45 288
673 543
124 767
31 349
916 245
112 899
353 519
582 600
125 131
881 621
275 340
907 50
21 312
778 69
500 601
730 890
108 954
487 877
660 97
224 555
461 274
446 190
637 153
363 780
55 926
114 118
168 711
354 457
544 633
927 730
713 842
290 525
743 950
389 215
378 306
881 425
757 758
743 775
174 518
673 421
485 719
617 966
803 806
769 970
147 842
756 846
174 625
265 699
91 761
481 261
914 214
190 767
268 349
394 992
791 851
603 607
532 701
862 92
161 915
923 200
619 825
784 786
474 420
714 223
622 572
970 37
58 603
59 270
421 380
278 108
61 340
64 440
417 182
698 538
954 384
666 223
956 342
361 260
767 180
738 410
225 309
962 774
690 281
71 786
151 87
427 814
135 113
824 714
785 708
788 365
404 118
78 69
546 299
340 832
487 947
646 790
115 448
99 967
669 431
476 375
470 866
272 831
916 120
636 277
218 106
682 989
185 99
242 84
910 709
893 275
205 810
733 714
536 186
473 306
812 735
313 988
946 809
99 33
859 284
60 703
243 755
542 259
419 692
967 786
164 717
644 311
856 776
26 746
374 138
677 393
843 913
331 197
278 460
703 357
118 143
193 228
798 587
17 438
701 132
44 905
815 140
406 867
503 624
160 346
148 927
402 507
848 599
669 599
75 630
729 244
969 677
363 82
967 422
809 76
701 102
677 292
779 932
679 53
49 711
430 68
434 955
219 691
535 483
386 54
814 174
942 483
974 944
885 27
541 831
447 528
971 387
804 87
983 531
288 954
21 188
281 167
180 979
287 921
918 789
63 663
903 195
376 850
396 519
492 812
423 478
558 367
376 961
750 727
162 68
663 944
926 2
432 962
659 389
78 323
405 529
101 210
507 503
716 705
823 575
661 320
111 249
96 558
527 299
124 116
569 481
427 399
75 344
864 547
670 345
228 394
502 825
213 314
86 56
825 184
422 94
744 936
835 499
178 562
839 299
566 609
420 587
594 828
900 189
114 352
412 503
86 282
790 644
592 379
331 225
855 562
640 513
352 623
705 45
468 61
217 379
735 921
80 717
559 175
653 918
912 272
420 15
369 855
297 348
226 362
689 578
525 220
249 59
856 205
474 848
934 528
153 829
728 903
453 210
92 310
865 242
188 769
137 785
533 158
124 613
917 308
629 250
686 115
714 581
486 245
417 466
632 296
551 341
512 513
234 229
185 991
148 213
497 541
78 18
376 878
111 902
107 596
704 747
797 322
779 251
930 732
96 603
581 921
946 911
696 666
548 667
788 234
440 88
242 156
152 332
815 659
530 609
802 282
955 281
218 324
772 309
583 896
575 384
99 475
825 325
39 711
186 777
958 491
945 803
879 387
472 118
182 929
863 42
739 24
554 134
563 358
192 918
644 45
146 968
299 824
247 902
333 27
142 278
19 585
359 346
259 86
304 637
356 782
16 321
127 77
637 784
526 299
529 5
535 43
295 774
983 161
6 703
334 728
362 407
103 37
93 79
352 439
413 584
430 862
719 92
419 526
491 557
183 147
500 789
407 66
71 958
205 456
423 273
6 251
614 108
262 145
240 796
29 698
964 11
676 647
658 798
312 498
71 258
269 294
958 617
906 908
929 357
752 896
366 148
403 138
578 516
394 331
176 628
664 101
205 187
104 18
341 843
858 167
569 424
631 446
657 507
797 72
436 224
535 820
95 877
189 504
264 945
542 292
443 939
180 237
237 12
130 966
777 117
604 995
666 935
762 780
321 962
748 815
969 942
44 571
625 60
589 113
75 223
536 539
795 230
136 425
275 25
766 863
70 854
386 817
649 877
942 746
9 526
433 490
734 392
530 516
541 568
838 474
288 578
326 142
496 677
122 454
769 287
505 345
801 772
133 38
921 335
657 367
567 990
913 723
418 723
438 790
990 451
405 471
903 312
746 879
626 246
343 687
20 754
910 358
738 411
991 831
335 827
798 417
585 52
894 14
743 200
624 315
422 917
467 715
921 26
873 497
339 429
436 529
444 880
232 278
585 278
237 539
653 251
341 525
200 674
822 244
523 169
284 739
447 145
765 502
837 537
713 523
294 28
494 212
447 230
195 345
358 903
657 581
436 85
589 57
479 145
831 76
64 679
864 702
87 460
933 572
597 399
178 527
217 979
807 932
687 754
744 988
708 703
179 395
877 32
540 912
298 263
134 673
835 564
817 993
491 506
240 58
633 565
585 698
637 993
895 861
970 356
308 579
94 52
153 518
960 434
724 331
949 39
313 924
967 739
819 486
288 622
453 108
577 540
296 937
760 398
922 997
316 436
96 903
783 752
770 209
258 509
813 269
923 501
357 913
927 261
892 982
325 435
953 890
145 597
20 551
573 397
742 268
429 405
781 889
177 492
718 293
646 582
565 267
284 771
140 735
876 593
399 626
880 660
849 475
133 546
405 205
98 215
357 196
715 802
883 132
404 670
561 184
634 990
910 789
58 146
168 846
133 708
523 68
323 234
967 685
110 230
369 280
9 351
927 639
755 156
151 657
152 369
501 732
11 101
526 583
161 229
583 626
473 443
271 104
493 72
656 350
869 317
427 955
213 313
603 193
108 673
859 379
492 256
60 604
950 80
211 608
730 196
342 774
290 933
644 276
919 626
545 185
854 173
692 56
550 170
826 834
434 235
182 885
992 705
790 628
147 754
421 511
230 577
545 923
883 921
130 323
874 467
190 519
139 531
729 215
982 547
141 65
921 282
405 896
597 840
726 548
412 948
70 184
606 30
753 634
1 496
720 1000
183 1000
476 150
782 920
6 611
747 245
382 88
629 249
118 630
582 193
697 896
35 30
92 85
242 582
244 392
372 197
64 574
380 728
897 984
715 881
2 764
941 495
157 384
984 878
768 811
401 854
202 791
889 567
964 167
129 784
707 223
176 277
507 293
159 596
881 720
794 957
683 358
485 358
983 491
318 94
527 270
548 747
518 455
207 834
463 756
462 985
108 645
364 529
613 860
237 797
476 784
740 337
881 237
772 84
253 288
680 715
239 928
942 294
813 913
417 960
810 453
277 279
478 367
851 769
381 611
549 120
142 390
109 561
853 722
430 125
657 463
788 791
515 57
215 810
554 593
558 889
451 543
83 200
989 180
352 39
278 787
267 14
612 800
918 867
194 713
920 323
314 222
426 500
119 641
642 784
737 406
668 784
962 629
263 376
871 999
33 303
750 652
682 596
975 517
945 754
713 622
712 695
266 270
711 624
826 454
898 859
649 327
722 631
620 582
872 24
61 753
990 584
350 939
460 223
562 822
743 944
47 905
70 538
894 792
511 764
683 241
795 987
905 143
653 291
181 685
398 204
733 926
942 521
725 391
230 815
942 632
579 606
268 351
269 242
718 995
702 924
59 403
459 605
871 474
836 697
218 505
364 342
644 800
316 401
282 625
213 535
664 847
775 607
745 626
196 347
988 306
671 815
103 217
292 888
993 221
813 829
486 178
271 546
453 459
367 405
519 376
711 199
137 522
138 469
637 375
492 970
36 500
244 375
825 742
807 402
241 479
298 686
794 555
104 849
747 761
159 415
254 539
437 25
367 216
742 828
446 201
216 730
863 536
147 343
21 715
836 320
752 651
791 778
77 868
226 574
264 281
996 14
734 298
587 731
602 274
981 815
378 340
910 485
513 525
113 695
554 435
16 555
630 590
21 798
873 767
527 100
922 558
818 719
172 201
263 966
587 406
515 693
271 459
723 694
481 295
464 947
502 159
965 541
52 730
1 856
334 964
944 776
652 473
394 933
305 706
699 512
142 463
74 1
662 646
754 671
757 780
247 766
710 276
112 291
517 263
10 760
562 445
727 853
374 743
785 346
40 431
905 833
780 578
892 983
714 467
254 488
537 378
746 832
747 153
505 598
16 199
292 924
442 97
318 916
817 43
984 996
970 539
647 171
989 596
410 626
765 198
470 930
902 511
779 64
746 245
177 694
822 38
552 582
347 66
898 590
917 210
976 882
831 316
393 878
841 616
900 766
746 407
566 170
414 839
938 325
612 316
977 233
17 418
483 352
40 53
470 235
494 352
561 635
29 165
696 990
181 794
130 796
248 997
449 82
896 825
787 118
860 832
240 377
937 293
601 848
71 397
782 191
342 886
382 675
53 449
327 230
184 272
960 753
175 82
92 972
256 796
939 625
777 366
302 339
453 213
397 69
610 224
421 335
338 479
856 32
710 335
657 81
891 614
412 949
804 407
418 566
145 278
18 540
883 694
918 395
847 275
117 242
547 463
52 164
383 275
262 510
940 516
432 286
35 176
92 423
755 629
187 93
63 742
88 464
604 266
788 705
590 717
737 175
791 462
775 837
478 863
962 844
928 964
690 735
432 51
340 932
547 442
92 197
707 928
138 493
711 984
250 905
859 877
254 881
38 642
264 603
979 692
380 959
314 285
863 294
907 256
858 350
180 326
851 983
328 721
871 86
7 931
138 862
191 763
682 915
264 776
13 691
937 615
901 452
687 599
9 84
467 752
874 147
40 638
20 444
118 476
652 861
635 255
601 771
565 152
473 176
882 812
848 868
11 908
777 424
191 538
531 153
92 801
735 217
942 605
179 115
718 900
38 527
1000 605
877 265
255 437
886 121
70 10
130 471
46 227
265 856
516 263
165 767
828 17
336 831
724 98
943 960
213 739
224 132
745 550
248 10
234 37
182 269
503 259
3 394
757 407
404 238
925 710
157 498
598 984
881 768
382 318
517 616
607 794
556 280
957 755
620 628
851 300
233 5
533 248
827 279
319 211
176 163
472 762
863 918
664 248
65 637
83 533
622 331
15 283
881 755
224 877
133 940
704 888
102 515
237 232
8 346
941 918
1000 110
434 153
367 522
707 361
977 324
729 110
628 831
955 887
207 726
833 259
728 487
748 922
165 206
113 149
425 17
653 617
971 10
103 570
919 298
989 474
191 655
766 861
322 554
160 305
866 145
256 964
496 505
779 812
62 440
522 287
166 458
136 649
204 744
301 322
585 847
322 895
272 72
934 606
900 602
83 77
725 133
612 765
810 875
388 999
753 801
733 97
129 403
794 487
997 700
357 861
582 270
551 725
590 773
591 244
523 722
645 972
732 46
147 341
154 536
983 223
931 352
309 444
368 840
318 682
524 497
67 102
103 668
96 406
690 856
350 657
434 916
989 716
797 441
925 100
263 637
256 501
185 465
940 423
639 945
78 695
119 89
820 108
619 94
716 13
424 661
521 9
170 441
912 762
515 551
878 265
751 517
311 664
937 345
407 165
869 586
900 29
195 919
344 123
44 900
432 535
743 522
174 771
251 412
644 999
312 520
810 267
960 436
852 130
784 738
416 550
305 932
813 617
139 582
287 326
624 112
175 509
893 608
743 206
46 394
106 145
291 97
79 198
414 377
556 450
3 450
757 335
656 488
533 862
625 981
422 951
91 33
232 485
858 601
141 705
492 815
295 268
572 48
638 956
931 969
772 792
93 633
258 942
920 699
997 3
512 501
570 55
437 124
793 460
20 144
190 284
7 958
601 667
910 565
960 822
833 568
32 281
711 571
752 680
881 276
493 70
755 271
612 396
596 777
298 52
25 660
324 992
588 149
271 155
916 748
773 37
151 625
1000 309
801 164
590 660
61 868
66 218
29 454
657 933
341 468
887 425
635 48
415 578
640 516
166 304
459 774
867 133
531 346
970 134
936 266
754 561
139 533
411 296
342 704
182 661
11 607
619 770
781 369
89 551
899 444
477 88
225 39
740 834
300 951
802 657
605 348
447 29
81 544
118 345
783 228
639 45
35 179
921 182
906 546
166 995
547 300
784 138
382 425
148 353
794 479
851 162
391 959
430 547
405 239
642 778
864 134
438 361
134 648
882 278
111 56
3 877
498 15
51 677
416 486
536 471
129 903
224 515
152 288
616 338
56 828
863 595
475 690
649 297
780 989
322 3
323 486
967 945
260 873
111 399
351 412
43 999
959 221
392 173
1000 386
618 593
433 775
35 983
398 71
277 676
886 946
332 948
541 237
466 984
873 549
507 867
170 369
759 81
338 783
156 956
782 152
235 669
821 958
459 804
856 287
451 965
951 912
776 224
482 129
172 173
144 890
919 231
45 694
585 961
375 935
490 263
217 453
199 685
737 782
838 352
779 993
692 594
344 164
435 555
878 893
990 347
188 177
83 93
211 16
720 982
573 322
192 419
250 601
749 278
439 145
443 210
651 265
249 679
693 702
162 310
475 165
442 38
745 327
158 954
750 944
796 356
419 298
827 441
846 455
243 46
963 297
357 26
965 475
347 28
594 503
850 909
979 595
362 563
704 714
121 808
324 651
62 805
764 169
584 287
843 570
181 959
897 486
440 119
311 913
208 898
154 476
483 8
821 495
731 382
971 303
437 711
494 392
728 488
877 57
843 453
61 357
114 679
406 745
134 696
13 777
109 864
467 346
105 969
628 871
293 250
260 763
58 560
904 849
267 580
409 167
339 788
416 539
945 309
494 964
460 748
762 437
823 431
404 591
887 548
141 280
11 756
358 141
383 298
19 949
131 687
561 294
712 439
192 399
214 844
784 67
125 383
287 16
770 490
76 805
900 889
667 926
84 516
124 569
345 828
949 937
27 641
223 692
336 344
119 615
730 568
641 25
480 583
638 784
930 57
609 766
119 389
946 963
214 379
915 68
847 610
310 910
792 185
7 373
206 719
464 474
573 406
501 630
172 570
365 39
995 368
190 978
707 324
636 102
697 478
626 396
644 307
41 258
205 146
943 353
711 261
805 320
809 773
627 522
529 976
687 876
143 670
327 141
520 95
630 366
813 838
830 892
924 481
874 692
133 228
679 585
458 95
645 329
494 881
389 651
325 781
911 522
390 955
227 743
619 793
122 275
395 979
254 268
148 761
330 228
761 184
106 783
770 172
779 646
879 716
715 616
478 726
154 808
250 657
324 248
325 321
805 631
440 917
737 129
727 554
874 42
656 489
401 88
883 280
759 885
561 44
708 405
530 949
747 441
106 451
604 70
254 859
3 739
428 364
484 558
551 990
58 145
702 606
295 156
157 219
472 691
750 330
586 683
825 881
882 322
6 480
232 474
411 592
489 358
185 387
809 913
7 974
998 519
834 267
402 900
873 425
229 987
237 64
848 235
333 621
227 246
483 64
341 98
881 117
990 657
890 269
123 406
571 954
388 356
743 728
374 5
378 72
865 586
183 921
387 36
451 889
18 793
930 850
826 931
413 172
867 277
942 289
265 977
840 871
412 512
986 685
970 22
438 512
349 251
313 957
500 377
283 277
305 893
179 932
914 465
623 929
831 952
425 548
311 411
945 301
737 879
862 314
274 963
499 304
392 982
267 406
420 376
813 511
906 547
525 267
340 567
469 917
155 183
846 377
741 621
381 302
819 899
234 225
272 462
632 52
408 62
419 721
285 328
859 879
493 485
37 979
349 577
816 26
104 796
752 920
760 839
104 939
341 962
548 560
895 148
627 25
938 404
955 542
977 186
617 211
711 649
363 807
364 628
829 990
578 734
634 101
801 101
913 107
397 675
878 484
634 287
772 590
43 887
483 124
801 327
605 985
146 116
865 884
174 37
377 338
692 31
621 79
913 286
492 5
654 87
433 625
7 991
517 293
866 137
501 98
302 365
729 135
782 955
217 347
533 328
258 239
84 45
161 491
35 483
447 937
666 259
921 320
522 720
709 367
770 229
682 863
814 234
942 31
908 91
838 156
900 540
605 191
662 942
119 975
634 337
214 801
15 816
253 773
453 323
275 927
261 656
429 474
819 622
470 526
14 780
963 842
943 657
197 991
570 283
92 171
10 242
674 333
198 565
172 522
935 694
344 548
756 497
958 621
704 604
128 529
410 731
341 629
91 18
608 184
169 700
811 893
320 816
557 236
100 178
160 937
270 418
966 847
733 624
534 515
116 630
137 431
506 662
158 375
96 746
562 776
119 198
636 492
105 396
68 512
159 875
627 275
630 758
331 773
134 415
768 485
496 142
942 925
374 163
765 530
79 967
74 679
545 209
339 569
321 966
639 578
14 483
640 606
716 201
278 404
830 833
992 79
212 408
731 908
863 155
313 651
44 817
559 242
248 620
909 479
126 589
623 763
980 450
495 664
649 994
743 454
422 891
328 403
572 238
476 315
204 746
745 742
690 161
283 733
896 736
127 690
2 127
482 631
73 50
941 222
974 968
477 304
614 339
779 746
180 853
396 314
309 631
914 827
833 177
689 249
230 219
656 398
146 820
625 815
917 473
441 272
847 152
372 312
932 452
232 395
177 318
943 678
382 369
527 189
538 785
171 280
119 614
907 108
690 628
556 141
51 879
894 383
761 556
869 35
962 455
747 651
734 867
570 128
589 164
368 552
590 199
613 46
560 438
906 142
176 431
621 723
695 536
462 997
385 305
990 555
147 911
861 537
707 327
502 833
375 461
565 173
514 977
752 620
659 40
787 95
882 995
133 305
636 214
985 474
735 130
772 408
170 310
695 246
925 678
782 81
675 806
787 829
130 712
862 377
848 957
434 82
363 184
169 391
577 2
562 342
749 260
108 140
607 250
40 116
11 565
412 940
783 591
842 9
292 42
957 328
904 684
283 697
868 679
73 93
438 839
768 898
405 390
79 83
905 838
965 94
88 446
41 520
707 683
101 408
954 272
405 88
529 428
685 351
232 600
70 63
907 59
765 195
12 413
745 175
854 539
727 267
710 607
574 529
396 915
55 654
370 220
632 247
741 443
357 418
86 736
640 188
162 176
498 120
261 172
9 323
934 937
466 730
198 889
53 10
271 967
129 554
133 994
873 813
265 819
983 432
289 172
934 284
916 383
422 448
838 48
816 699
86 61
323 413
570 902
221 858
260 394
354 381
687 557
815 472
228 262
344 315
679 185
960 581
27 318
263 918
580 298
645 138
683 843
633 612
740 264
316 720
840 906
216 100
142 140
127 374
788 252
438 743
274 380
169 82
923 105
908 581
274 924
855 702
535 316
916 802
847 766
474 789
652 504
523 960
853 329
729 219
774 943
222 888
438 888
796 959
28 465
508 861
282 435
880 232
408 579
596 28
743 159
384 508
934 612
442 302
458 545
27 664
690 504
619 34
774 600
637 730
233 268
418 902
649 742
850 133
279 663
140 767
562 1
736 100
419 304
936 614
800 796
484 362
12 385
72 108
897 77
924 674
855 474
531 924
917 243
702 635
498 13
725 826
634 865
17 779
78 680
664 14
994 813
612 332
849 118
652 995
372 645
569 407
733 668
604 539
425 399
544 595
506 738
379 80
40 722
306 441
164 691
200 716
773 7
939 291
743 793
997 505
925 332
375 437
655 103
220 87
169 172
242 458
740 349
136 35
543 818
971 99
297 112
762 868
869 896
47 68
857 72
855 749
415 544
790 532
350 15
317 222
725 193
782 952
179 229
532 679
942 322
304 626
212 91
966 196
951 688
188 220
335 415
407 802
516 718
856 174
2 152
258 14
957 368
762 280
908 84
469 854
793 973
898 94
572 41
921 231
486 331
343 646
70 442
993 539
923 558
1 242
449 321
793 78
154 912
312 708
339 404
286 141
894 102
290 208
265 230
383 999
902 299
685 953
599 663
489 400
480 701
299 147
565 660
256 454
263 389
33 412
342 390
920 916
584 257
329 950
608 391
351 365
206 608
542 414
47 548
401 370
76 52
320 590
284 41
839 345
786 871
422 562
765 529
557 869
869 595
377 365
268 708
218 583
295 223
925 575
485 939
397 57
240 98
120 568
670 830
966 145
329 300
992 636
455 660
295 963
810 421
829 135
44 705
687 67
452 686
515 904
308 906
577 327
390 620
871 413
710 37
359 73
54 537
917 661
460 972
69 52
16 64
71 746
240 558
641 716
898 213
936 768
332 697
187 134
138 334
525 338
432 111
604 461
200 27
590 776
187 247
817 156
267 191
529 544
107 572
333 178
816 84
10 151
819 875
189 851
626 966
441 98
849 45
759 550
265 140
