849 2437
257 290
767 776
219 469
477 127
812 249
836 570
680 753
435 535
726 462
827 476
331 742
444 94
30 686
547 512
188 518
494 315
425 336
762 433
470 714
55 723
23 522
339 95
182 75
133 571
354 527
171 79
64 387
411 764
139 467
73 750
521 341
33 360
536 321
517 161
809 504
79 250
676 104
752 41
53 321
383 592
574 616
81 437
688 155
135 197
467 547
450 226
268 93
702 17
619 613
506 701
486 298
119 105
492 69
458 568
737 360
666 491
740 86
61 56
835 378
382 620
626 45
129 323
682 235
442 250
223 25
164 519
400 666
312 279
611 231
833 254
745 396
80 225
452 70
398 755
827 114
361 367
117 680
555 595
689 117
504 216
394 91
90 7
445 482
94 583
795 282
391 175
691 486
800 366
677 588
604 799
517 147
284 26
418 295
129 501
542 611
597 833
48 296
512 562
514 810
804 365
401 536
290 790
500 849
174 93
51 223
382 527
808 418
536 156
408 90
376 25
394 213
12 612
1 324
751 137
664 726
517 343
701 26
168 763
427 592
79 549
533 439
701 448
189 737
78 769
687 200
545 743
486 827
287 318
660 603
355 791
478 90
443 411
742 29
429 526
699 202
259 540
170 698
500 719
34 39
271 812
738 799
462 210
302 525
581 691
638 828
679 177
503 261
214 151
34 777
294 223
114 91
593 705
226 609
650 690
708 396
11 116
498 433
801 412
456 368
556 200
115 8
81 549
812 687
474 680
75 748
726 420
719 701
248 237
282 138
646 445
794 170
233 156
785 162
825 430
760 758
499 193
118 255
154 556
49 367
512 833
711 110
769 25
309 320
114 421
133 658
297 617
444 67
411 839
528 475
714 660
325 411
164 693
483 368
155 346
249 657
214 310
288 558
362 621
42 786
831 173
136 626
446 787
103 363
160 419
398 296
371 476
270 685
824 196
273 706
612 419
779 722
337 571
215 115
658 589
491 81
539 600
632 720
552 362
658 326
179 780
204 42
593 667
557 437
479 394
543 742
839 410
185 422
277 264
371 421
341 811
162 600
383 255
130 689
32 536
724 214
742 733
416 408
325 818
681 765
9 613
817 432
84 740
343 818
208 702
174 24
741 392
165 160
584 765
173 160
838 772
290 754
26 457
725 201
415 244
296 644
134 233
253 585
240 151
368 476
224 555
377 354
176 398
527 174
272 103
458 165
4 668
693 272
334 293
427 840
9 274
775 764
81 205
62 434
377 444
13 246
572 363
721 320
298 147
764 38
134 514
56 417
424 325
569 571
662 437
92 188
678 754
401 369
681 140
848 38
337 393
214 506
659 14
259 179
80 335
101 822
66 293
193 427
156 128
507 695
218 469
629 480
295 44
229 365
620 626
487 549
255 824
552 722
570 657
215 688
351 341
427 838
13 290
822 77
308 629
479 49
707 338
428 292
344 129
182 62
132 591
331 397
172 468
401 148
111 220
611 745
8 50
147 101
412 268
658 812
643 111
516 487
406 813
279 395
565 40
198 707
816 45
92 107
383 676
264 767
581 494
102 20
378 190
763 322
425 730
46 10
227 543
555 246
63 471
673 103
213 294
514 622
418 145
214 744
740 9
212 31
152 108
505 582
566 389
604 712
661 639
574 639
459 59
227 39
580 479
324 29
312 487
753 635
423 230
689 65
695 757
642 492
255 354
259 325
246 99
446 609
177 646
52 728
293 327
746 844
561 675
556 456
42 232
461 343
597 378
780 128
429 302
164 603
843 477
445 110
798 292
660 742
144 209
606 513
440 744
37 778
259 502
483 522
485 120
602 706
267 704
218 715
419 582
649 504
264 517
302 171
131 394
400 602
301 273
489 671
787 288
679 285
186 108
207 155
355 802
835 547
11 391
570 700
772 16
98 389
5 655
100 515
394 637
126 519
804 94
318 148
214 272
205 243
578 591
107 650
436 588
678 392
809 460
418 665
22 480
75 562
443 509
778 383
391 174
468 54
267 766
513 55
805 81
93 479
729 321
655 47
116 477
33 490
359 784
745 801
170 474
101 132
275 2
315 350
428 540
381 540
371 368
280 475
158 476
20 421
719 686
87 16
567 191
570 631
165 305
496 802
10 344
229 340
268 574
751 36
12 280
348 358
115 606
442 434
65 22
176 746
488 684
188 468
546 344
674 846
413 282
508 211
644 540
186 347
227 695
749 742
182 210
194 282
356 237
712 413
61 656
503 255
396 365
310 848
293 184
831 167
117 420
63 375
85 601
110 253
563 503
77 535
649 545
62 181
688 708
588 101
386 675
811 59
292 178
286 621
745 218
592 613
662 660
51 356
754 146
831 640
504 798
47 406
90 660
486 234
570 215
111 766
295 455
477 480
834 704
278 341
565 267
418 581
478 76
72 405
93 118
440 206
116 393
595 803
696 644
610 307
187 110
778 749
268 408
731 208
87 611
2 236
497 269
539 677
29 123
580 356
698 660
491 709
576 56
150 15
315 371
618 565
656 341
15 41
364 74
754 53
149 248
596 493
846 102
345 613
679 199
370 271
298 174
329 49
151 799
357 753
51 155
589 28
256 272
113 660
793 244
163 460
561 112
10 246
84 782
244 543
789 59
501 104
637 523
503 526
142 634
434 19
169 454
584 587
762 708
407 627
250 724
622 563
366 7
319 515
549 673
659 298
163 305
589 21
592 332
685 348
450 488
675 225
604 9
768 370
202 376
38 313
337 420
24 205
30 7
180 688
827 545
783 230
722 664
335 510
399 520
37 320
321 413
494 628
832 8
43 748
196 679
288 245
535 651
420 431
574 674
482 55
585 670
573 194
93 517
598 602
344 752
364 198
421 281
709 767
783 623
342 757
517 100
591 600
351 617
744 161
347 604
429 708
488 511
200 563
835 476
795 290
462 473
726 789
345 139
698 84
776 128
9 425
463 321
229 78
324 342
362 545
109 51
523 583
193 120
818 473
382 455
573 128
169 247
36 716
824 715
803 529
364 585
166 681
332 783
622 184
540 496
457 848
848 21
739 435
254 403
544 163
564 644
213 397
765 688
328 195
53 815
563 454
169 660
43 255
632 763
283 243
531 89
254 287
787 670
334 802
299 422
47 588
484 551
714 81
187 524
805 269
64 294
160 746
513 669
55 248
341 284
227 803
72 683
255 425
531 420
38 227
576 646
92 787
358 559
514 433
36 512
163 152
642 528
275 562
476 260
39 655
356 458
688 643
563 305
393 86
285 523
343 387
185 801
171 217
285 262
197 586
701 244
573 831
67 543
672 126
698 464
189 731
6 499
599 613
430 69
307 528
19 750
224 364
443 519
60 349
342 42
666 494
137 655
730 534
766 200
604 552
71 723
537 379
330 475
811 827
305 458
431 465
324 775
517 48
204 288
499 570
540 316
763 102
836 848
507 804
625 396
314 749
170 316
7 9
672 22
285 359
31 840
182 17
336 269
405 830
59 728
815 157
417 605
640 595
19 542
757 473
775 718
842 714
470 143
586 684
492 152
165 270
494 1
77 39
593 790
563 46
744 817
440 520
735 840
849 476
578 767
341 712
805 797
424 833
346 382
493 659
187 479
759 152
745 172
781 342
656 848
182 342
366 691
534 785
796 328
173 422
473 85
437 71
521 620
172 431
213 27
638 643
364 524
791 99
425 400
833 563
189 2
618 727
819 362
587 435
308 123
298 49
527 704
321 827
710 597
326 52
552 563
650 480
119 461
606 843
417 3
54 344
720 799
576 174
480 440
707 555
653 603
72 605
53 459
56 353
745 301
151 532
151 195
262 663
379 392
470 801
808 314
2 401
774 169
833 739
494 805
229 134
233 835
659 78
277 69
678 434
594 810
279 776
550 760
735 121
475 552
41 5
632 597
500 430
306 825
761 493
221 276
836 513
135 147
212 123
638 805
271 357
684 803
455 511
377 255
415 294
110 109
129 79
644 749
461 615
647 336
175 110
282 702
609 149
440 659
97 121
46 615
34 333
503 546
234 399
270 140
74 462
826 516
520 561
208 819
376 159
609 570
496 254
780 261
321 552
397 392
2 133
459 268
243 94
723 360
483 130
800 704
106 644
196 168
149 835
171 346
494 794
245 298
546 697
124 346
108 764
180 17
494 810
100 467
635 245
460 84
449 48
530 686
233 822
329 250
237 286
572 207
275 441
555 162
578 674
364 52
442 343
647 251
408 16
409 134
816 706
128 554
553 324
719 741
9 396
372 496
709 388
251 20
252 331
481 559
28 385
674 25
474 272
346 691
599 614
496 689
637 808
85 475
229 710
569 422
53 125
404 551
685 498
244 166
461 488
526 564
765 143
527 655
272 582
661 495
440 221
632 188
839 179
582 341
472 569
802 93
57 18
42 326
794 316
531 758
408 30
725 111
306 160
215 726
91 505
328 789
6 130
136 253
301 574
731 380
91 22
783 585
612 41
357 487
620 25
748 102
659 120
330 219
706 622
410 83
341 750
92 772
278 527
178 333
52 137
44 822
668 467
179 821
528 619
1 460
696 615
472 828
53 732
429 690
109 202
32 51
9 324
410 90
562 227
103 390
602 718
78 64
391 342
690 638
530 1
244 629
712 724
585 170
641 773
676 119
647 706
761 310
411 637
619 391
327 705
813 91
376 749
413 845
237 212
418 494
251 533
124 202
141 815
518 404
425 363
561 236
619 495
766 402
234 476
768 503
538 324
4 604
204 654
722 642
545 718
486 181
52 320
17 290
87 588
386 761
637 368
284 126
845 760
570 614
280 592
653 742
363 206
58 134
459 755
11 260
749 195
452 402
510 215
333 401
297 816
728 620
622 361
514 398
273 622
475 157
649 609
100 115
143 272
125 85
199 663
2 77
794 209
61 35
596 101
35 600
164 316
644 425
97 442
545 623
565 436
676 569
793 597
77 52
59 553
795 483
355 101
194 647
823 433
645 621
740 272
541 321
29 759
625 208
532 516
779 644
135 495
394 39
838 225
822 762
270 167
292 368
250 654
192 639
192 36
784 728
790 793
347 673
424 642
133 294
46 178
162 352
776 70
245 115
656 177
112 425
261 179
461 730
87 841
297 199
724 346
637 562
639 818
296 606
406 82
118 359
317 169
527 115
790 643
441 304
176 796
192 788
413 405
702 261
463 389
840 121
181 794
93 477
828 349
739 471
761 824
406 506
688 61
737 225
178 560
289 531
24 149
760 671
597 275
124 593
371 623
606 218
104 669
158 549
566 348
714 61
60 741
560 144
48 452
657 192
429 323
804 689
405 228
308 491
610 695
350 447
688 52
656 530
100 598
505 42
41 820
637 778
251 336
845 467
4 693
666 336
685 404
801 85
657 371
628 821
700 650
58 61
148 792
425 297
444 802
584 722
235 84
149 339
263 431
229 592
514 501
161 15
424 179
445 24
46 206
72 26
351 681
579 32
618 13
40 339
692 747
34 202
257 297
738 377
515 709
661 571
442 608
422 65
552 38
282 322
598 403
176 278
472 847
840 758
38 49
706 560
104 611
194 166
508 848
180 501
150 115
207 523
437 671
412 270
330 415
719 219
333 642
574 487
725 59
212 482
108 83
511 731
718 481
430 657
524 733
103 279
589 588
610 563
404 277
206 665
14 1
696 216
589 477
59 351
205 468
116 356
333 298
481 161
217 586
430 305
378 110
143 724
647 202
718 50
773 242
80 215
318 668
174 239
158 656
396 208
731 360
606 217
241 36
422 686
315 602
624 40
71 487
594 294
384 55
91 800
523 252
393 223
178 740
251 493
42 570
570 347
338 555
636 51
651 75
52 665
536 444
383 644
169 693
495 830
333 506
371 827
686 582
579 648
471 364
254 580
37 348
221 495
828 185
723 392
141 15
510 360
618 570
386 829
589 742
718 548
647 604
463 627
335 814
129 528
233 236
143 269
731 638
761 600
691 846
394 472
431 6
253 567
491 693
185 770
665 579
41 673
501 206
512 661
471 587
80 513
559 235
708 121
250 177
508 602
311 775
167 585
243 649
104 321
216 315
804 337
40 62
701 610
765 567
273 685
28 90
433 212
106 508
641 415
677 398
770 317
94 207
189 414
246 593
654 45
772 222
233 586
73 11
347 107
221 728
216 244
512 283
839 341
574 709
309 475
23 55
726 388
767 793
148 740
55 632
813 97
615 782
65 35
319 488
639 585
253 116
849 277
578 310
79 424
744 50
583 555
840 80
235 339
184 9
507 729
847 120
712 725
35 565
641 178
18 701
517 218
846 256
591 434
526 413
656 396
783 630
648 577
406 762
501 765
67 159
603 113
680 92
553 210
476 167
317 561
691 393
692 313
548 805
218 128
717 741
796 212
602 42
685 247
427 651
68 143
698 186
325 594
532 384
447 224
88 405
198 371
109 663
238 223
253 504
841 80
420 152
827 328
559 143
654 746
329 194
60 553
223 47
423 601
691 770
661 261
107 38
484 431
294 261
298 31
156 592
789 734
459 794
31 442
118 742
820 305
842 226
242 300
227 192
706 789
265 483
250 649
767 273
607 695
508 42
369 762
119 813
247 178
48 844
71 96
117 674
343 812
766 785
565 330
803 518
550 22
36 482
39 456
787 506
810 498
243 143
481 424
268 458
607 225
723 180
219 351
160 397
660 480
37 659
508 338
399 493
482 132
285 652
57 367
560 557
64 247
338 490
284 31
305 134
399 724
148 340
724 458
745 368
156 526
694 299
509 619
149 110
482 105
396 492
668 494
317 622
339 138
415 33
143 428
142 501
221 28
70 505
811 593
95 52
443 297
706 548
637 699
85 110
642 754
129 122
246 467
747 97
360 690
698 144
383 277
223 362
261 73
438 122
211 476
723 694
179 634
184 623
222 235
459 663
812 511
836 824
780 541
413 537
506 429
581 567
747 331
296 419
27 309
232 587
105 278
289 207
806 57
664 429
260 149
543 64
214 606
655 300
428 205
632 592
814 56
600 698
584 30
730 414
646 757
226 56
496 312
722 372
6 69
83 360
283 378
778 310
341 117
566 630
184 741
635 81
376 770
619 334
529 23
682 628
705 600
164 401
340 351
508 374
80 218
445 846
465 77
160 194
398 279
136 171
318 183
82 724
810 608
830 615
616 218
508 469
47 379
371 772
755 378
478 72
248 729
804 21
58 204
779 100
746 772
817 764
326 518
271 768
238 699
98 515
720 350
709 726
600 822
456 644
791 613
598 81
624 129
733 663
510 816
758 363
549 772
515 67
347 14
129 247
755 98
651 541
85 766
267 833
472 749
501 473
262 521
212 684
356 777
343 817
640 782
240 157
38 32
408 227
31 451
643 443
700 101
599 813
354 563
561 124
711 88
607 27
664 835
521 734
77 472
150 364
390 128
346 796
199 103
278 640
209 196
372 656
727 467
56 128
507 443
491 293
434 541
499 814
283 612
397 601
215 172
293 701
387 15
102 157
263 705
715 483
128 7
3 63
414 440
604 664
556 539
136 470
826 762
448 781
480 292
783 651
398 257
440 706
454 695
23 774
635 483
588 94
675 687
158 385
767 61
569 30
109 429
419 109
611 74
446 510
617 604
137 138
802 566
794 656
839 753
168 101
99 549
89 50
821 732
553 175
474 3
474 633
505 341
360 635
273 431
828 612
298 555
208 575
504 27
432 264
506 188
489 412
514 202
111 582
349 461
6 566
48 397
841 506
345 48
106 85
768 752
803 668
115 355
480 511
440 508
4 654
149 168
132 316
618 532
426 3
738 295
389 656
255 538
55 707
259 786
22 21
334 469
377 648
453 772
516 681
334 659
83 602
27 825
357 530
139 118
589 61
682 442
576 30
503 51
710 626
345 145
517 177
772 207
831 674
796 213
684 141
413 546
711 383
644 308
257 222
337 264
352 731
191 455
66 681
787 196
828 85
205 273
827 166
423 435
471 178
119 95
720 171
665 606
848 566
672 115
729 70
711 487
680 211
771 828
41 68
839 326
51 296
629 342
598 46
599 268
251 778
68 844
258 24
185 104
702 391
703 543
354 625
775 329
241 418
211 82
357 223
15 500
515 449
165 102
357 32
765 163
287 126
55 697
816 394
748 615
16 381
215 55
804 187
571 144
239 843
497 377
833 231
178 355
449 832
640 641
792 636
749 476
56 589
398 661
837 132
88 72
715 616
790 761
363 829
549 86
171 639
476 825
350 347
7 832
732 599
783 597
454 671
540 564
615 241
63 78
480 756
670 631
377 595
419 60
755 438
115 416
685 788
32 481
842 817
2 306
296 438
62 157
547 732
572 716
66 390
657 745
240 34
847 444
208 374
449 636
728 812
468 576
659 212
697 393
59 26
369 531
80 133
191 403
708 527
144 183
582 690
167 528
333 435
613 694
501 364
620 552
87 132
723 145
393 605
795 377
164 366
172 198
161 499
841 830
610 440
120 361
697 581
537 845
137 825
673 838
142 515
401 206
202 124
39 137
115 351
451 663
107 636
328 564
720 673
845 465
791 538
460 49
47 627
306 353
614 520
309 158
202 133
556 92
572 689
166 296
7 315
615 365
800 210
638 285
15 70
645 848
458 788
437 656
846 131
630 252
561 817
651 582
17 169
271 281
93 777
846 377
24 304
135 601
376 334
265 811
359 63
306 722
291 656
202 502
795 375
335 54
360 673
750 516
71 205
121 64
148 64
645 729
333 647
561 157
485 129
557 363
571 662
3 555
64 212
137 245
130 811
146 688
739 349
704 425
79 339
372 644
415 486
301 507
214 18
750 64
769 711
699 296
807 598
81 529
44 419
372 48
10 168
31 167
492 666
709 108
641 256
218 812
151 773
841 477
780 845
674 574
362 339
804 398
805 750
766 643
807 766
81 279
814 660
692 142
733 401
686 466
173 58
818 177
15 811
440 268
63 170
527 54
732 657
35 54
402 824
627 602
187 300
826 567
194 355
503 495
364 508
560 657
316 383
816 756
311 585
775 645
130 117
156 826
837 92
768 637
3 57
847 728
595 102
777 79
390 316
121 806
505 473
750 172
680 296
221 546
809 241
504 159
546 90
250 399
35 377
190 758
619 544
747 385
15 650
604 635
552 625
21 466
596 827
545 3
212 505
397 771
829 768
837 701
205 38
641 363
148 720
240 849
429 718
600 582
234 204
13 549
698 223
788 138
292 151
167 688
376 480
820 795
401 808
346 550
772 841
836 432
103 164
747 535
677 90
40 604
496 339
575 639
246 382
489 97
343 266
54 268
204 755
27 231
831 675
75 211
789 696
667 311
317 573
601 63
565 33
242 546
17 94
536 654
413 559
512 285
7 639
242 515
157 149
530 657
254 273
573 131
443 361
597 210
104 4
343 581
611 490
254 691
650 819
387 683
560 279
762 319
554 317
76 41
538 697
172 724
502 404
627 91
469 797
478 650
9 318
433 343
350 601
237 832
551 425
737 802
186 827
714 82
576 31
685 467
7 637
781 309
692 315
491 401
437 245
365 632
129 663
482 737
211 421
845 169
612 692
197 464
53 54
473 600
597 799
84 265
674 162
243 629
19 414
777 736
170 734
635 398
748 167
565 503
592 545
638 792
360 354
821 654
419 153
763 108
216 676
627 470
95 99
479 702
249 343
531 796
420 818
665 499
78 525
285 845
529 684
453 732
347 572
775 724
652 97
581 784
105 738
788 545
680 362
257 612
239 257
648 745
812 420
632 781
691 318
743 490
374 828
729 803
234 131
196 701
149 687
611 844
528 360
509 567
591 531
478 580
260 671
565 595
185 378
269 12
328 365
41 520
134 629
418 303
238 404
571 594
276 491
795 752
524 177
191 835
567 77
364 118
519 494
775 693
43 587
338 162
657 286
769 530
292 378
476 52
153 79
814 483
50 436
186 129
372 673
410 457
731 51
732 559
344 792
18 92
476 672
773 257
617 135
502 116
654 426
385 270
760 271
354 55
820 614
177 684
492 380
628 849
754 564
522 296
317 733
583 652
12 762
14 807
220 8
458 271
232 760
100 387
502 385
568 10
239 726
60 427
425 111
138 819
503 418
566 644
100 748
76 235
760 278
444 505
529 648
356 791
439 290
490 250
114 203
648 218
632 809
247 554
219 268
761 544
143 61
137 17
54 53
211 487
446 521
341 130
286 72
694 69
664 304
754 550
311 64
466 564
361 455
624 625
347 219
95 59
795 284
516 424
9 374
518 825
515 627
593 112
154 559
268 206
636 320
592 509
153 583
561 277
196 376
87 76
308 452
463 258
452 580
821 298
781 95
803 14
769 226
145 261
133 523
703 435
742 1
373 134
405 428
462 360
72 664
344 530
399 377
744 606
86 775
809 93
237 250
626 292
735 218
238 614
527 682
717 514
607 491
828 561
331 670
261 464
597 577
13 570
313 1
187 702
342 748
264 731
750 828
718 677
592 196
96 57
499 790
33 747
804 438
236 235
14 692
626 351
311 134
811 601
386 251
298 572
613 547
729 30
180 117
246 777
7 688
515 156
215 6
751 176
742 797
780 570
604 643
186 747
690 344
138 317
162 274
33 116
364 500
661 821
394 568
170 845
763 710
806 400
471 591
351 832
778 252
145 455
294 95
502 75
598 9
351 381
222 838
139 446
67 173
431 724
626 337
241 607
81 739
571 790
192 260
84 786
318 262
344 639
752 442
53 686
76 623
149 277
834 543
742 188
156 681
765 117
477 568
259 765
575 419
726 384
157 592
784 785
696 445
419 127
59 633
717 188
686 269
105 830
126 293
351 801
580 714
121 171
543 616
50 268
743 259
17 93
418 158
754 91
671 550
846 70
405 457
834 534
732 711
736 642
381 688
57 439
218 550
376 198
696 668
604 502
90 169
683 403
603 125
417 706
291 249
437 309
116 322
411 205
497 507
709 553
836 423
567 842
345 63
571 143
113 736
166 448
616 595
618 379
636 654
768 713
72 198
385 191
405 623
626 378
310 243
847 477
777 766
244 371
64 292
232 838
655 367
794 567
641 786
269 113
832 227
