978 1102
752 17
947 799
518 521
670 154
402 99
447 402
776 85
619 835
876 851
349 395
670 188
22 264
793 974
611 977
165 192
347 741
842 587
778 829
55 269
336 166
851 777
457 430
741 421
716 205
179 167
574 171
299 73
489 169
768 103
321 820
71 260
921 205
960 971
13 722
149 760
221 887
955 701
925 282
791 850
821 825
645 582
668 906
729 358
322 55
861 865
332 574
942 341
540 544
284 749
566 855
53 268
926 534
240 615
13 811
970 767
615 590
384 827
930 292
532 633
804 691
372 309
427 76
5 235
233 105
305 340
588 438
833 338
4 396
854 72
218 714
197 865
790 689
491 539
426 645
451 812
389 933
557 451
738 11
674 104
930 222
965 589
660 43
123 595
229 537
621 263
112 627
725 871
912 621
801 961
825 977
420 301
726 66
455 97
504 209
178 728
601 927
699 44
607 751
708 345
287 255
474 159
318 419
467 835
292 760
460 279
572 780
209 373
900 811
640 77
657 517
679 53
85 25
80 734
544 851
254 702
828 777
730 284
270 481
864 752
937 868
685 819
657 698
272 462
468 106
232 165
974 616
142 226
234 139
384 174
338 411
975 298
736 753
478 445
443 682
500 425
891 229
445 846
567 448
793 70
406 767
689 738
148 506
529 395
284 491
726 308
786 740
97 773
63 470
73 504
465 857
532 595
787 717
72 422
518 17
90 236
711 649
825 298
551 932
128 346
87 298
88 793
724 469
564 532
263 87
691 962
907 468
438 488
531 103
288 41
614 494
822 309
938 543
651 834
883 881
895 303
540 790
274 423
940 178
671 893
348 974
582 310
47 120
551 840
678 926
678 627
123 794
82 190
726 695
722 488
886 758
717 665
416 365
190 17
757 227
80 278
804 55
451 809
897 166
113 537
978 56
722 766
494 119
372 223
855 813
61 262
635 631
17 851
670 495
211 851
912 321
602 538
599 764
633 37
527 318
509 899
601 656
425 715
242 543
326 140
959 638
880 156
242 660
552 772
428 802
464 491
852 76
577 150
67 799
257 332
948 138
616 865
527 768
656 866
121 460
762 767
437 196
739 502
576 810
462 917
632 236
86 604
482 837
977 719
668 134
64 572
406 692
971 196
446 597
527 281
748 845
952 5
238 25
284 60
424 949
334 710
88 493
442 270
510 639
770 659
400 153
657 155
108 758
853 952
13 939
486 90
861 786
796 606
832 143
670 750
788 258
527 185
899 468
330 658
56 867
965 648
68 451
875 536
828 545
645 642
799 927
442 591
35 344
365 140
425 795
190 399
54 61
271 482
70 838
249 754
355 52
869 524
854 774
870 510
911 811
845 470
883 73
974 622
946 210
569 294
465 622
483 155
902 911
21 174
169 877
677 671
329 436
600 433
883 103
886 527
854 336
889 135
733 598
819 144
95 269
481 700
351 601
570 42
4 960
122 285
69 168
658 42
277 436
638 194
720 613
627 947
934 828
71 493
321 337
584 862
366 833
963 926
499 365
70 507
836 389
191 245
484 833
331 422
516 285
396 225
954 52
363 94
756 504
6 572
669 629
634 63
339 848
307 642
706 598
761 78
748 682
227 346
136 285
585 680
133 574
803 542
71 341
221 957
758 877
635 888
173 90
898 373
225 560
139 360
864 235
951 194
708 144
758 627
382 924
321 403
92 26
9 735
325 65
103 573
336 176
110 703
826 705
2 882
693 296
104 414
33 237
501 70
473 854
420 975
763 250
384 896
639 519
119 307
653 238
279 200
271 126
794 182
116 606
127 250
895 588
1 739
103 880
308 203
564 307
665 674
365 411
104 270
656 614
385 409
544 662
191 285
334 415
891 686
681 509
526 883
16 525
33 944
847 633
815 361
751 1
877 657
911 774
523 161
182 40
671 770
777 287
402 83
289 543
640 723
827 605
633 575
652 559
163 761
54 975
768 499
738 286
184 307
490 345
9 439
318 304
717 158
976 974
775 104
520 346
1 532
839 125
334 508
646 745
257 203
14 336
644 659
442 730
22 27
357 172
834 978
855 232
892 61
551 676
710 916
769 840
5 303
118 33
834 58
744 633
348 351
903 877
233 878
601 753
899 269
296 726
365 144
651 476
505 313
164 59
241 360
963 939
685 391
17 660
364 875
893 612
838 689
106 907
102 429
416 303
364 557
182 556
124 119
668 368
867 756
499 869
176 310
774 386
624 661
699 843
188 778
436 740
516 491
277 654
612 490
151 766
153 203
123 347
798 334
663 235
368 34
654 141
531 600
851 972
926 241
546 876
108 427
304 325
179 74
786 641
37 419
592 465
706 957
942 51
726 219
291 618
308 856
125 149
101 723
172 901
438 137
973 402
329 81
544 46
44 128
75 556
799 11
506 693
746 811
647 623
236 59
404 520
769 238
380 343
264 149
916 190
967 210
246 720
976 281
86 801
379 491
796 186
278 651
146 968
332 471
638 678
770 861
847 822
647 829
136 877
411 795
475 654
65 549
433 266
629 507
608 203
223 781
94 374
241 950
667 49
11 276
8 878
653 563
312 460
608 412
55 711
905 922
590 796
187 929
53 634
969 660
703 361
977 30
886 561
344 859
742 351
279 439
52 192
464 118
353 803
947 673
152 47
16 723
439 632
540 519
267 816
769 317
613 496
257 183
558 279
904 885
117 86
265 222
25 865
666 586
452 169
354 792
201 531
848 141
359 183
144 651
601 843
952 96
918 24
317 520
799 841
609 762
772 698
559 509
701 866
795 587
896 447
255 857
101 598
476 721
690 686
810 555
79 977
644 669
454 932
813 951
622 56
206 261
216 583
330 152
66 63
500 479
634 867
942 518
974 27
357 761
822 329
461 391
791 896
243 150
206 100
470 778
388 449
255 959
705 575
457 858
527 86
253 530
245 160
591 409
120 433
356 847
861 611
14 216
66 193
206 518
302 833
297 227
778 798
891 133
522 727
167 747
745 408
596 593
178 877
936 814
73 283
101 367
531 819
567 74
276 472
593 746
256 110
13 569
127 745
321 645
877 752
454 788
162 126
320 415
738 930
116 425
359 477
59 29
58 879
252 575
814 927
603 251
393 916
586 774
464 763
418 438
949 970
111 295
833 268
296 276
466 540
322 26
784 977
337 549
859 289
848 453
45 931
676 292
15 320
932 905
118 69
631 771
639 886
962 502
704 942
569 80
514 314
53 302
404 311
705 963
425 463
602 450
543 787
885 354
760 499
942 877
787 805
149 47
221 227
624 755
464 316
541 613
750 703
883 83
100 51
499 591
261 305
611 298
692 148
243 349
346 171
224 714
788 207
896 680
284 473
359 951
97 866
710 137
751 877
141 589
674 639
96 425
188 280
234 850
31 59
57 384
384 976
718 207
887 335
258 152
969 830
542 589
503 729
731 695
686 394
909 299
108 974
437 512
696 78
718 729
365 956
716 720
403 495
529 600
43 820
221 617
15 51
565 748
181 807
507 380
156 563
124 600
140 725
14 92
883 402
927 349
540 875
922 831
88 5
599 598
729 716
88 931
7 725
154 13
310 904
341 592
281 559
218 326
148 846
151 377
750 786
684 34
475 186
618 638
88 44
237 193
159 804
768 77
897 51
669 546
835 78
80 847
401 346
509 450
575 670
867 206
898 147
254 940
521 58
124 191
506 662
746 299
482 969
104 406
631 296
893 608
506 738
365 305
276 22
358 18
281 526
779 911
297 595
172 537
767 349
5 873
822 300
529 203
268 57
726 144
831 346
399 801
836 791
422 34
843 852
639 279
709 768
775 476
328 6
689 464
904 208
217 150
796 819
711 41
575 939
154 910
846 94
639 228
94 788
932 196
9 553
380 867
230 126
783 477
519 779
117 562
696 363
454 206
235 592
379 304
565 879
289 44
857 447
232 651
184 60
554 184
442 412
171 765
400 150
801 834
949 886
851 67
570 241
48 505
783 755
918 778
277 114
898 452
214 8
862 411
328 706
11 165
359 876
896 260
626 49
215 425
957 833
373 351
16 395
307 394
492 860
165 40
156 536
170 538
834 864
585 372
766 181
671 809
383 964
714 268
783 125
188 802
160 624
866 579
330 201
943 946
186 106
191 917
464 461
754 129
832 387
583 270
371 201
832 885
612 966
968 630
20 705
261 397
545 721
906 678
450 470
333 48
281 897
917 349
248 132
383 636
341 665
396 636
511 808
294 6
378 353
348 2
517 177
9 227
423 978
785 867
329 798
621 509
8 871
39 395
621 853
757 824
209 943
935 419
424 963
655 921
4 133
578 904
354 405
400 424
646 191
296 650
696 164
290 704
141 882
677 911
493 521
899 649
897 463
935 584
691 491
927 668
295 724
551 349
294 807
179 339
109 238
444 778
675 77
438 467
355 704
61 599
457 862
758 437
200 359
632 646
333 585
308 740
374 949
268 904
7 948
975 219
780 175
662 482
91 571
648 737
849 367
682 722
746 440
95 797
98 961
509 313
213 710
435 129
733 890
785 113
35 622
375 409
965 862
329 269
286 850
911 600
1 537
190 693
472 49
698 576
435 538
898 969
429 686
966 525
83 352
864 520
521 870
425 935
8 153
549 703
824 349
588 544
503 89
510 65
978 324
770 503
613 345
192 528
714 410
346 295
119 80
102 497
70 431
323 142
278 382
722 807
761 766
77 376
205 593
705 634
548 466
254 866
318 747
725 831
543 682
961 668
949 146
427 934
653 790
201 123
517 496
759 19
681 213
916 788
937 860
93 779
542 144
186 593
49 118
771 816
567 632
696 202
73 236
432 753
292 519
518 50
393 544
29 31
568 867
187 134
931 924
665 527
216 544
223 192
835 347
614 261
422 910
191 893
140 386
820 834
18 913
489 777
531 335
367 957
348 513
551 567
26 848
977 912
779 268
359 387
113 520
55 677
295 687
245 82
895 819
946 196
891 496
939 83
659 34
657 931
440 311
135 657
109 158
12 233
314 44
903 930
833 575
