1000 9898
33 440
180 313
218 116
219 469
901 359
406 847
959 49
375 174
102 546
985 654
488 466
132 331
80 12
778 325
928 314
394 586
130 820
57 780
939 883
901 25
631 270
62 31
997 416
874 634
142 919
553 620
327 105
95 989
860 384
360 970
825 384
365 327
442 868
353 391
545 769
329 494
570 692
259 503
463 895
523 854
473 911
166 410
705 244
338 503
925 967
748 46
822 813
143 958
663 183
331 707
922 895
248 504
746 539
505 399
452 642
697 777
663 36
359 154
304 393
712 534
784 899
503 797
514 308
895 268
808 9
477 226
171 955
444 493
708 953
162 666
254 492
245 759
83 132
145 985
827 5
225 363
906 668
671 924
430 522
287 903
244 234
736 89
760 79
500 842
725 767
713 383
439 121
189 774
319 135
685 257
213 459
578 349
437 200
55 649
58 159
873 242
967 680
327 521
642 583
699 922
926 151
527 404
272 928
755 355
154 804
341 782
158 332
860 574
221 808
795 633
243 548
190 125
997 371
670 299
158 479
786 796
972 55
954 550
299 679
41 380
705 773
341 465
143 335
554 34
520 494
796 107
709 966
805 499
255 268
936 382
477 770
139 697
169 482
686 190
247 553
13 49
143 914
683 761
481 33
944 903
856 211
344 999
644 740
231 74
178 338
269 873
311 210
392 984
447 562
286 500
987 537
14 903
328 138
745 383
849 536
315 388
689 183
27 520
600 502
656 440
909 938
824 938
913 559
519 303
722 114
637 330
909 571
896 358
435 908
93 696
646 694
849 314
111 856
63 960
747 423
641 470
198 142
458 906
23 886
190 477
930 12
720 440
948 476
375 880
637 29
103 673
570 214
440 495
630 974
422 259
578 685
190 319
189 937
466 703
584 486
379 226
965 595
308 174
627 392
534 980
42 510
243 403
320 756
713 272
688 882
881 309
147 89
825 686
725 652
659 242
74 574
971 260
183 570
534 822
260 111
906 441
670 406
29 310
69 761
611 39
531 284
646 431
938 797
834 135
835 610
748 961
30 220
145 170
237 324
960 721
440 689
874 891
711 92
605 761
587 82
550 90
329 422
611 74
404 468
652 526
744 567
732 764
587 35
326 21
516 237
347 72
692 79
443 811
260 931
111 19
706 751
530 67
123 515
456 654
257 931
719 407
244 821
135 240
657 450
624 187
291 220
572 187
922 38
64 450
893 625
69 95
185 690
572 42
59 217
916 649
870 771
173 49
984 642
605 676
555 793
292 833
991 961
299 192
392 835
410 404
897 910
572 776
96 49
28 436
542 944
393 639
766 82
859 732
141 693
862 961
703 583
832 532
621 826
927 143
412 813
609 358
333 30
794 720
335 752
450 282
832 241
822 226
290 435
328 866
310 822
7 882
466 528
825 943
295 868
975 945
893 264
751 926
424 927
330 553
935 244
816 580
34 513
18 564
193 96
851 643
824 62
973 611
332 365
406 748
625 417
692 253
714 917
277 881
350 89
902 688
431 248
252 939
296 149
540 168
390 835
134 985
411 356
451 819
732 704
277 595
368 101
636 624
793 749
403 889
408 525
463 41
504 182
415 458
573 242
150 45
282 413
177 193
433 95
292 790
165 608
866 751
698 626
885 770
391 226
693 878
250 632
418 860
111 697
521 949
131 545
172 467
444 552
508 475
769 167
662 170
774 432
900 779
263 181
67 332
874 68
547 118
159 356
186 450
293 687
542 831
159 501
931 356
116 950
462 350
319 243
232 171
741 987
124 393
342 304
768 903
419 553
389 385
910 605
640 65
915 841
821 63
458 567
960 861
178 694
267 715
986 225
768 340
994 564
473 67
881 78
646 484
339 614
194 319
468 834
582 304
218 425
38 116
791 686
973 519
995 83
999 523
302 457
393 327
213 242
30 984
397 459
71 244
476 580
649 802
969 733
937 127
61 175
249 183
729 253
287 445
148 789
455 635
810 390
95 400
316 451
889 391
763 426
247 757
306 233
167 571
827 969
258 68
888 713
545 162
652 308
600 253
638 405
288 723
109 645
130 10
22 4
367 408
999 92
111 620
827 151
684 756
837 18
675 459
270 941
434 615
182 123
224 63
941 116
802 48
509 18
996 516
599 745
232 489
430 634
842 602
147 384
93 708
367 37
153 279
30 207
234 305
567 508
385 420
376 856
323 208
252 218
696 519
313 74
43 209
81 422
262 893
925 211
102 636
307 612
842 911
954 709
619 561
647 362
834 879
324 605
275 115
792 263
425 290
676 877
251 112
500 668
199 240
660 774
960 552
522 867
382 553
82 810
726 3
298 767
713 916
716 45
223 15
431 82
61 977
355 236
670 597
770 587
554 178
355 381
636 986
620 439
378 966
259 99
502 367
498 461
676 496
514 503
630 107
888 630
260 607
227 516
139 614
418 563
970 100
353 327
584 86
704 183
84 857
141 430
625 651
420 379
206 172
513 448
362 918
890 769
604 438
128 785
275 610
491 13
784 428
324 509
788 109
147 412
59 888
46 614
824 632
147 269
475 1000
278 743
812 489
660 93
358 615
161 185
552 950
185 51
276 862
155 903
907 660
285 24
224 421
200 528
720 231
886 660
190 143
550 292
711 539
858 125
248 919
981 881
485 578
713 807
458 478
955 878
796 426
838 565
783 92
420 918
725 493
925 763
838 580
605 839
127 391
934 107
230 916
620 260
221 719
682 355
701 197
210 608
190 602
495 641
829 97
302 227
452 692
910 683
500 344
641 964
272 97
588 607
75 628
793 641
451 517
505 243
625 550
864 378
10 524
358 116
841 30
275 928
484 454
760 170
745 442
798 795
197 843
856 960
278 911
275 529
42 780
849 404
315 272
433 83
983 833
732 71
112 812
835 360
851 307
390 93
29 691
266 71
160 718
345 710
987 179
627 216
419 447
849 182
581 759
141 918
953 368
555 484
204 270
422 733
439 593
501 892
272 308
376 623
217 685
882 137
76 336
518 123
684 151
119 338
432 528
87 176
826 448
593 75
132 337
759 354
885 931
178 659
677 699
74 960
661 498
864 467
690 321
289 475
192 650
527 14
412 310
749 507
770 640
878 737
743 101
844 273
919 289
466 18
160 310
827 718
478 162
193 306
670 828
810 57
112 174
538 390
922 793
120 681
504 840
116 74
933 423
904 691
870 962
619 206
468 338
93 59
504 38
103 70
853 875
782 551
996 771
621 105
687 696
874 163
286 461
662 56
701 542
775 891
673 721
654 652
537 386
77 329
511 769
816 199
854 899
835 641
763 954
593 867
550 892
257 507
280 4
394 52
934 696
34 15
915 325
257 276
43 359
501 943
409 593
855 154
68 818
401 673
981 360
42 661
688 239
67 250
927 896
270 445
787 277
146 759
310 898
557 387
280 337
941 612
1000 32
368 75
893 299
694 804
722 887
916 363
94 592
989 888
973 339
427 371
659 188
790 918
664 358
80 157
977 929
852 715
686 955
599 366
454 987
131 156
243 872
815 438
892 331
985 479
579 267
885 555
75 99
373 842
355 243
164 427
758 343
369 604
356 751
419 604
305 708
917 197
676 477
681 97
810 391
687 63
266 761
47 348
112 345
849 784
631 658
961 898
984 349
692 534
550 732
911 550
518 826
211 460
602 775
343 731
128 1000
679 905
519 692
277 185
25 400
813 407
193 858
983 555
15 885
126 40
988 131
771 959
993 243
335 996
193 971
107 653
572 817
912 278
888 134
964 59
660 348
411 256
471 458
682 647
388 526
81 20
82 743
101 89
702 557
100 391
707 121
484 38
358 971
507 399
361 560
581 332
134 312
599 44
638 530
696 885
144 218
113 997
976 37
207 887
48 520
178 603
90 447
216 648
129 713
190 214
649 199
169 181
925 278
626 879
696 194
145 204
454 854
648 165
338 695
502 66
395 644
568 508
677 294
936 352
830 796
237 544
836 329
17 27
571 668
94 27
869 843
372 807
905 645
47 368
340 494
865 153
61 404
559 438
874 473
424 639
46 95
704 136
154 153
157 710
825 99
987 539
633 109
606 803
439 136
851 56
120 46
714 320
932 287
550 986
638 841
591 58
701 582
6 900
543 167
893 830
380 727
733 213
314 197
760 109
638 114
417 308
523 8
720 442
149 358
177 549
803 761
141 962
878 472
232 115
233 734
734 830
950 747
388 768
947 531
893 467
342 91
454 513
208 923
1000 391
69 854
910 308
895 734
364 790
990 742
207 760
268 588
431 384
604 648
679 350
848 858
727 603
601 182
640 630
623 525
304 791
820 327
186 254
416 645
805 405
678 109
853 193
735 84
701 196
88 61
877 259
616 627
302 224
875 238
754 673
978 749
339 93
303 766
219 755
956 212
405 330
379 905
104 617
19 924
337 413
619 3
968 265
823 149
92 385
534 104
607 610
315 418
870 144
581 67
128 847
183 235
560 834
193 947
803 38
290 239
1 6
220 364
260 164
974 61
96 273
719 868
464 213
52 452
453 434
389 427
603 499
937 683
419 668
259 947
223 386
461 265
209 304
483 337
191 96
301 736
33 2
255 829
436 121
848 393
976 94
119 194
894 944
53 240
589 174
947 668
971 290
259 766
497 351
118 53
311 781
382 658
386 743
550 77
744 887
605 682
268 372
977 759
766 839
514 666
970 328
164 263
58 782
709 601
297 226
192 984
951 608
554 794
166 460
911 423
876 161
568 658
42 755
574 360
283 721
861 132
933 311
442 370
261 990
689 787
687 75
88 422
608 685
222 216
420 301
629 9
222 593
498 641
638 345
839 738
788 528
718 465
112 168
404 793
315 462
284 823
945 75
551 723
115 173
668 941
81 781
318 626
435 966
3 650
632 112
634 962
85 830
671 219
430 719
377 846
632 223
445 710
194 966
227 470
949 854
595 578
462 719
752 782
780 991
321 378
949 104
364 696
552 798
882 61
697 112
749 655
768 812
744 949
856 527
144 763
786 838
766 612
99 27
303 141
622 933
554 77
701 298
187 362
479 460
706 384
728 376
143 741
825 502
682 927
460 559
688 778
84 131
711 38
291 555
846 938
667 388
923 62
338 498
191 830
491 861
624 999
161 895
581 455
526 376
606 42
18 563
153 808
456 343
205 580
995 999
106 155
303 551
396 331
568 908
862 722
224 66
739 187
745 480
712 759
196 424
768 569
491 604
366 536
202 537
349 342
666 136
116 71
614 194
448 649
840 155
879 730
898 295
239 379
485 7
289 868
73 669
183 320
909 816
216 927
128 85
3 887
791 273
856 427
500 619
911 509
659 396
107 827
772 917
609 541
629 722
941 566
156 402
363 830
289 55
290 360
294 288
685 561
399 653
855 129
476 998
298 62
561 636
513 389
432 680
342 175
401 319
76 127
830 80
78 661
396 551
691 682
134 746
576 617
204 874
156 965
87 703
970 305
329 399
645 263
616 393
725 41
763 362
545 915
585 606
535 312
179 707
478 379
856 39
819 93
732 650
199 711
311 265
867 361
795 373
612 129
46 57
429 207
620 230
334 781
272 150
183 992
409 35
690 500
230 389
662 118
444 611
942 230
250 702
362 916
128 868
805 534
292 959
542 939
998 9
654 837
77 362
777 682
98 877
617 811
304 53
960 764
609 351
975 696
483 598
102 828
251 722
34 52
161 522
647 426
237 649
651 943
479 753
157 186
471 350
369 316
906 243
379 231
640 11
566 652
4 674
886 746
606 361
263 579
12 961
967 943
968 535
588 288
385 721
886 517
173 934
63 278
13 573
251 30
968 614
716 508
19 148
846 587
479 102
541 231
263 865
535 521
919 430
523 693
626 288
184 307
445 404
636 905
838 725
880 475
645 379
973 862
135 314
633 870
418 177
291 880
225 646
865 331
158 105
671 541
670 992
783 643
296 873
188 847
683 625
92 579
788 910
715 678
607 172
962 905
245 315
102 156
304 291
642 87
2 950
206 142
634 717
174 360
859 672
931 111
219 769
550 967
419 323
239 322
756 216
738 639
576 334
996 591
23 605
407 972
505 896
200 114
862 964
580 157
769 466
506 846
460 736
370 145
189 843
559 861
694 60
402 660
111 90
756 365
149 377
858 317
752 776
551 882
655 927
954 776
973 220
441 955
299 437
906 151
417 879
233 697
453 932
369 425
309 809
817 494
941 911
467 804
273 675
129 647
646 364
995 346
578 430
852 689
303 379
288 32
311 796
94 404
261 950
636 207
375 405
587 277
679 381
701 261
518 709
260 221
213 638
616 291
65 35
640 595
951 861
273 94
714 995
221 721
402 397
350 495
26 289
279 49
7 967
93 279
793 577
135 534
600 117
726 757
857 842
838 803
126 449
328 408
431 651
972 896
358 857
780 472
213 543
273 410
884 804
116 334
117 179
528 400
529 873
982 845
33 885
680 235
41 535
717 158
784 185
58 306
975 429
727 540
896 434
570 329
354 388
384 473
738 515
748 369
29 740
780 796
824 724
515 473
310 247
584 244
175 907
366 206
827 328
522 310
775 168
561 228
767 754
897 314
238 388
332 889
578 609
426 242
649 140
375 821
54 490
994 977
106 212
170 255
281 702
674 191
52 255
878 71
642 641
998 748
968 559
329 807
91 896
511 523
755 425
319 688
380 418
249 760
473 120
156 115
907 781
507 801
829 340
133 333
835 575
639 621
127 345
678 91
46 304
344 439
523 842
429 951
692 835
216 60
236 71
129 449
231 191
762 11
834 492
981 363
268 458
259 153
545 720
965 807
35 446
272 28
94 32
24 909
496 762
278 6
154 16
541 644
926 914
828 464
25 485
657 280
807 820
14 862
193 902
970 688
992 88
520 767
483 863
484 492
304 518
159 180
736 93
812 910
388 746
79 493
279 767
160 665
366 891
457 573
223 662
298 763
116 870
101 246
929 331
909 757
750 733
996 566
509 881
69 583
68 784
163 636
427 702
974 276
7 951
572 141
678 552
40 851
800 678
639 973
534 959
5 35
863 806
592 87
413 789
591 811
298 206
946 594
708 629
657 525
701 476
367 696
761 689
227 77
320 313
619 703
428 972
322 331
344 431
622 838
455 421
863 56
596 613
856 266
322 506
869 999
239 919
735 114
577 112
446 523
985 219
397 125
975 659
274 648
829 90
795 86
635 348
455 600
973 923
478 267
205 110
563 931
585 959
932 601
195 69
666 344
461 620
690 98
763 568
68 402
264 490
258 470
297 612
983 600
257 150
865 121
370 569
666 122
76 448
180 778
73 350
140 756
975 266
615 275
160 677
197 630
521 632
3 709
813 258
725 852
817 297
752 926
950 463
256 231
544 429
516 909
295 190
34 932
399 236
38 612
166 522
206 670
502 625
980 961
958 786
712 319
312 173
367 905
423 171
741 188
893 465
825 113
535 810
682 810
62 72
635 774
618 600
809 677
882 981
591 783
960 567
282 559
545 227
982 408
363 456
679 344
437 541
446 709
565 273
161 619
395 177
554 2
214 205
554 611
451 970
322 478
819 691
640 999
435 229
398 795
187 580
813 904
706 376
445 260
467 308
146 293
676 384
919 252
867 311
979 337
65 273
753 652
774 908
187 290
26 236
154 473
943 859
710 102
41 937
685 496
340 371
755 596
883 523
311 50
774 686
315 55
509 383
102 157
953 697
231 924
327 882
374 961
432 120
729 758
966 645
269 619
314 895
920 477
940 735
328 904
668 686
112 815
405 780
499 161
285 294
227 998
935 684
314 342
924 48
890 937
674 438
20 36
259 804
719 666
202 655
670 58
989 736
977 152
81 483
725 586
561 985
638 729
92 440
753 433
780 530
117 826
812 750
815 697
997 294
108 595
109 422
561 730
661 511
129 646
459 187
811 430
960 996
961 349
22 726
369 138
457 816
86 233
290 994
631 71
374 212
47 246
657 870
739 62
448 453
377 481
288 382
877 340
1 843
437 787
350 492
922 757
35 564
550 469
737 690
633 338
593 822
44 702
743 508
122 262
857 841
343 978
953 906
736 630
199 654
380 498
979 218
942 466
1000 863
499 321
533 265
300 886
706 913
28 645
103 67
178 278
343 560
375 696
297 700
427 637
953 725
898 174
998 71
67 675
999 282
89 125
509 10
920 313
724 979
283 799
996 543
245 929
345 551
401 789
185 142
183 495
702 677
557 4
211 990
103 660
958 898
962 449
517 897
204 444
649 281
722 449
650 34
246 515
561 965
356 199
229 863
525 866
313 268
100 204
801 39
325 954
878 55
492 278
852 726
946 687
507 179
593 342
394 681
752 497
976 952
221 530
986 577
701 296
155 396
925 672
126 689
75 245
482 209
433 435
260 976
568 338
19 538
494 888
705 207
472 933
562 336
785 55
92 519
648 377
922 888
540 319
986 353
768 980
329 92
538 264
866 941
49 333
529 187
326 883
221 71
314 859
391 173
729 524
457 881
427 601
965 169
413 518
785 627
624 421
24 731
564 989
619 346
712 840
343 314
399 580
384 163
607 821
21 50
448 606
722 320
713 354
811 925
833 869
903 69
82 339
311 290
198 972
404 640
767 512
453 712
601 689
148 26
168 824
806 739
249 15
6 475
726 458
375 792
195 430
358 974
604 786
293 517
129 556
223 452
243 442
116 692
872 458
13 646
945 570
656 827
125 930
57 194
351 416
613 989
155 733
742 563
892 132
790 945
26 674
227 255
860 857
592 231
331 13
761 688
498 566
216 251
805 365
661 777
331 154
834 303
799 835
1000 731
986 914
92 965
473 893
113 294
924 476
390 58
76 191
765 822
992 586
60 154
153 1000
196 970
235 100
866 990
748 414
330 259
149 717
633 938
525 34
429 205
729 511
838 171
838 783
474 982
681 380
774 707
704 139
776 520
335 167
687 306
175 526
604 364
219 950
491 941
609 2
239 443
809 448
480 474
749 806
572 865
775 956
478 836
281 136
484 385
250 815
641 440
715 875
298 589
996 548
797 565
64 935
711 979
521 723
663 632
725 851
677 976
622 92
627 113
955 422
404 416
82 710
456 429
414 793
509 645
863 970
310 990
169 730
190 288
277 885
652 109
91 813
845 508
782 471
916 281
683 126
196 330
902 796
564 267
34 758
643 668
56 34
610 601
166 27
568 189
15 194
384 624
682 77
226 961
744 798
375 288
982 264
479 262
166 906
669 754
283 59
982 379
260 49
967 493
4 375
486 753
639 437
948 430
644 935
528 648
714 175
681 446
754 732
546 996
249 988
992 948
205 953
921 376
794 246
995 555
724 107
196 716
123 404
311 13
921 233
405 440
179 486
452 997
715 553
993 207
409 942
11 942
589 569
529 941
215 326
767 789
239 332
372 291
193 944
732 67
254 779
515 511
37 879
497 566
258 588
632 87
126 512
210 341
152 132
513 194
966 932
570 405
664 850
959 293
581 755
270 570
612 671
464 103
342 408
838 758
432 532
200 560
932 833
772 766
259 965
398 440
934 350
322 479
920 696
406 903
941 798
536 596
394 547
677 520
734 571
346 792
844 47
731 953
666 827
683 999
200 213
247 168
160 108
568 89
699 137
950 903
99 236
136 453
673 290
193 375
43 630
66 909
441 136
861 590
862 185
761 330
335 347
869 831
448 117
446 960
430 453
785 74
895 819
236 492
787 516
883 859
59 429
244 999
652 446
822 838
568 661
178 190
166 685
10 605
511 563
984 756
175 149
681 692
34 97
589 648
609 74
628 338
342 686
528 691
427 653
525 332
93 842
989 599
525 733
491 827
505 930
767 926
662 286
786 375
405 815
33 336
909 719
935 339
910 159
693 301
829 861
162 167
42 657
194 884
33 434
536 23
208 56
377 983
928 449
630 698
276 897
578 257
579 232
56 107
160 25
179 359
968 672
570 604
934 469
556 607
304 455
798 548
434 363
342 864
333 466
626 279
501 983
352 992
648 141
852 949
688 702
486 607
553 25
22 989
924 505
230 592
492 430
322 519
341 281
35 578
967 437
516 19
681 463
995 820
853 446
179 803
182 646
577 436
80 876
605 478
663 34
68 440
586 61
14 514
326 880
643 78
183 921
353 950
779 702
123 812
452 942
549 280
474 610
241 949
771 786
828 321
900 950
499 461
33 929
698 949
435 777
475 372
936 994
439 209
888 27
427 745
45 186
987 465
145 876
96 254
651 166
444 696
600 574
693 623
642 831
972 538
836 919
922 479
138 78
410 747
765 77
713 498
470 154
845 70
835 48
747 203
312 147
464 446
658 290
108 517
381 535
812 695
855 883
307 777
227 226
963 690
857 347
364 957
338 35
700 935
95 63
652 770
708 646
753 43
809 873
903 915
835 541
423 370
892 474
646 590
911 848
687 837
666 533
904 898
923 110
407 49
618 986
213 102
611 179
324 918
907 940
297 798
395 836
782 624
845 708
457 131
240 541
500 103
107 335
115 840
477 369
929 747
193 826
166 185
718 268
223 982
745 338
945 912
795 811
917 26
422 968
371 16
577 845
67 267
822 105
181 287
73 702
440 663
242 863
775 93
261 698
374 246
197 517
552 556
906 111
376 600
160 901
713 639
56 854
772 628
664 21
309 551
885 857
183 171
618 676
67 182
473 371
592 791
812 260
940 465
670 254
603 137
750 72
532 251
567 84
313 331
502 785
543 517
378 291
622 6
455 101
682 187
583 898
662 456
895 683
821 788
645 256
683 981
354 139
181 372
386 192
359 670
560 142
95 160
361 846
30 789
252 925
296 191
502 221
550 431
308 526
538 431
593 968
834 542
283 344
175 350
433 331
487 24
669 629
18 743
314 574
832 63
540 352
923 360
632 960
508 888
219 759
878 778
662 823
899 387
211 27
672 519
895 461
608 645
511 500
413 604
567 895
179 678
797 845
719 32
331 803
44 280
64 742
48 219
803 93
42 777
599 112
543 135
871 826
211 911
881 830
589 453
491 694
828 623
133 623
870 414
64 900
428 157
379 457
312 510
239 45
21 474
884 310
405 891
137 757
210 485
855 503
747 110
788 444
627 76
609 745
593 172
24 161
479 899
760 875
323 175
474 1
592 868
647 280
866 460
764 162
394 462
640 490
91 776
114 107
333 715
150 899
246 596
655 162
553 1000
137 177
899 517
791 531
446 276
217 767
142 45
697 314
290 992
801 468
895 988
255 229
660 537
296 268
518 587
407 8
711 62
248 360
342 551
753 844
124 979
236 493
953 86
402 948
400 120
538 306
960 64
335 120
981 438
675 759
88 315
126 343
552 138
239 540
934 596
888 290
896 663
974 976
352 111
634 381
541 991
84 670
549 500
928 63
462 23
157 571
231 878
310 91
183 203
331 682
454 608
104 702
339 441
548 259
733 793
632 116
393 750
690 620
72 427
383 785
689 300
234 451
557 365
850 761
65 599
711 696
108 915
90 130
811 238
523 306
11 486
51 533
638 763
342 20
218 238
381 626
552 770
901 497
669 117
1000 436
158 490
274 223
740 62
338 938
872 142
160 26
824 113
791 567
792 463
830 11
613 665
412 480
584 913
307 202
682 2
830 154
677 269
625 212
473 871
50 993
830 869
722 914
251 406
606 268
827 737
455 736
684 651
97 780
294 678
464 829
528 578
925 960
217 411
807 879
545 725
305 840
896 853
47 594
827 975
177 100
714 119
647 902
454 630
850 375
855 580
170 773
33 823
175 628
268 186
310 261
663 259
908 490
747 146
729 643
650 765
201 378
992 91
132 956
775 858
978 98
564 991
159 177
253 182
1 51
650 640
667 738
615 232
736 793
287 797
418 92
293 848
111 953
149 220
990 798
975 672
305 328
827 424
33 371
592 983
695 289
147 503
389 395
439 615
444 927
67 76
842 806
755 251
313 76
760 675
414 946
207 973
213 348
893 458
772 885
647 753
855 882
338 6
844 225
381 243
800 903
433 866
730 200
255 727
772 469
924 56
191 491
929 726
307 397
518 640
244 651
226 938
777 266
653 679
633 748
639 514
911 851
481 367
670 232
347 854
39 564
960 379
779 785
463 856
874 657
450 597
35 609
531 356
420 173
978 627
736 718
909 31
911 625
18 640
311 261
867 365
795 472
580 850
931 648
130 121
277 262
439 22
991 581
353 977
135 889
391 147
110 739
845 596
645 872
796 708
448 634
14 825
384 274
998 13
231 694
604 396
310 3
48 383
462 510
621 847
180 555
452 304
733 833
627 194
42 564
833 839
996 437
452 591
858 434
811 776
336 424
815 832
228 238
836 493
52 412
826 327
574 569
336 71
427 144
986 385
915 135
76 185
95 751
207 685
7 549
527 274
270 233
532 132
787 46
436 128
279 378
243 25
740 502
104 336
765 517
144 711
843 967
924 28
119 897
622 865
291 649
169 37
443 578
568 413
143 729
240 126
161 452
16 303
880 46
348 716
990 39
912 361
161 827
58 585
616 647
84 933
781 73
50 213
676 160
287 256
235 211
861 187
314 686
524 813
654 408
527 650
802 692
40 338
595 384
888 374
154 198
852 273
728 799
555 203
287 38
914 716
223 932
651 925
29 619
540 279
215 320
233 428
145 922
681 632
137 538
49 198
713 175
966 523
769 205
403 461
697 107
50 744
767 629
57 316
476 958
78 234
57 772
409 639
91 109
946 981
466 523
327 718
510 704
114 25
981 573
251 976
350 769
501 664
375 115
252 510
165 331
352 846
959 139
904 238
48 932
714 525
718 468
728 353
411 95
365 492
458 222
211 367
191 688
87 867
382 625
303 221
919 172
303 955
145 425
588 667
248 484
619 823
175 381
165 823
793 758
421 669
960 65
293 407
439 41
779 660
965 97
453 157
25 446
227 800
600 262
340 513
567 834
96 101
439 207
357 834
250 754
182 76
488 823
439 892
798 317
417 700
132 767
647 200
751 478
707 869
314 361
483 402
600 834
86 733
842 771
92 569
738 976
777 960
330 834
685 712
34 181
916 364
419 780
593 425
320 563
105 599
199 261
852 721
523 531
928 161
865 858
312 838
204 236
132 81
406 528
998 962
273 941
972 233
267 770
740 285
479 459
996 981
51 208
680 736
164 465
459 791
134 813
361 773
559 510
434 75
805 424
878 630
313 830
633 689
905 514
924 362
782 888
827 593
166 493
259 157
253 625
199 623
183 874
442 416
796 963
639 173
880 852
184 811
600 371
874 382
927 264
585 225
6 70
438 207
413 101
723 111
434 296
837 27
605 111
110 695
112 652
150 385
158 873
158 157
153 367
262 187
107 157
175 826
34 186
487 628
811 862
8 961
764 825
889 550
539 230
437 208
383 820
332 778
738 773
206 791
172 867
284 677
394 165
162 201
479 986
150 878
599 949
546 35
593 4
556 904
124 501
673 172
616 677
290 724
310 531
482 332
617 287
708 994
859 374
320 398
191 389
998 799
215 515
237 455
939 335
563 491
181 85
981 414
833 555
700 528
68 759
847 225
710 409
268 644
584 797
783 359
294 348
238 706
39 567
614 837
355 354
356 649
675 963
506 250
113 436
681 306
170 565
444 52
562 371
35 497
986 691
291 859
218 857
25 322
3 111
870 573
282 58
396 6
14 621
842 82
130 118
282 429
603 771
982 798
514 272
75 734
558 217
143 9
799 273
231 979
948 777
370 565
222 530
874 329
542 717
45 11
84 727
512 608
35 13
879 660
757 296
903 132
710 662
894 115
897 43
2 753
371 18
297 923
500 694
251 655
910 851
112 918
315 747
48 494
557 582
555 497
264 726
561 800
604 834
399 232
422 315
741 87
545 276
329 897
593 96
601 621
330 505
695 603
366 343
61 699
632 617
962 38
377 638
930 456
971 316
891 101
104 337
450 869
900 224
579 960
763 47
178 859
915 411
127 396
308 746
221 599
743 758
602 274
878 703
202 164
990 917
882 514
97 986
870 767
236 395
693 641
478 895
848 525
463 551
672 315
783 537
291 887
832 49
886 484
194 312
481 630
605 260
182 142
934 558
486 929
464 612
144 418
845 742
576 421
499 278
63 697
245 262
174 258
837 66
966 366
608 886
36 231
2 947
565 451
864 118
48 221
391 7
672 999
894 72
694 356
54 967
720 751
920 289
738 632
633 278
641 409
323 115
106 257
695 251
733 932
112 946
875 508
470 849
937 796
403 152
167 915
336 405
318 261
124 492
414 888
401 591
113 837
186 763
683 926
808 926
959 149
103 931
682 778
55 796
226 670
372 896
485 623
859 446
170 457
765 552
969 975
696 17
130 587
298 277
464 565
411 94
359 700
969 600
363 313
515 580
476 632
351 808
913 104
877 336
58 776
17 51
832 383
460 656
482 184
579 730
947 94
344 137
992 629
607 82
905 630
605 503
583 636
37 379
723 884
135 930
192 252
853 761
265 864
303 664
749 568
608 564
383 334
790 154
602 661
444 450
784 47
782 558
897 704
920 11
505 581
180 863
987 601
804 177
992 177
936 449
495 870
116 105
48 249
603 617
925 85
970 744
223 808
977 316
390 417
48 72
836 241
219 145
625 950
116 783
542 807
600 724
90 878
474 449
129 826
370 174
208 285
171 419
82 762
654 335
59 534
228 167
511 229
232 34
873 373
536 26
683 413
5 185
722 445
467 854
503 108
678 656
492 387
788 176
919 670
636 10
235 8
169 817
48 725
781 746
303 282
901 145
557 815
711 254
203 47
991 30
691 370
108 119
715 473
753 878
457 313
735 938
437 883
710 348
952 612
974 737
296 8
64 100
429 852
487 34
749 651
878 849
934 999
331 759
795 367
465 512
780 505
504 218
236 758
805 794
532 955
168 337
772 704
154 140
858 920
771 791
477 362
280 730
193 851
897 861
537 502
591 47
6 915
318 897
543 200
746 964
908 379
68 232
382 264
2 746
558 271
319 313
141 757
716 899
972 533
165 414
227 134
595 774
478 910
923 783
618 429
784 471
414 150
219 106
989 514
225 701
927 988
39 140
584 709
759 541
711 670
693 191
346 10
517 993
721 78
296 690
911 153
95 794
904 329
759 291
464 320
748 560
75 676
976 427
703 168
847 2
484 658
748 583
207 658
155 511
377 323
216 255
645 21
342 899
291 751
878 305
27 185
340 160
583 932
30 828
326 407
936 359
610 770
41 5
350 25
943 108
285 658
456 524
753 778
311 406
347 985
4 302
540 232
339 985
970 29
655 76
852 25
466 300
487 70
861 853
704 16
153 782
904 626
524 779
796 544
347 320
603 770
819 815
509 379
914 599
130 230
776 861
861 119
848 830
550 183
525 256
267 16
144 357
721 605
370 389
499 91
941 80
48 129
429 380
984 973
324 86
987 318
920 278
145 169
443 416
656 351
91 402
223 753
134 98
997 986
210 508
674 431
309 504
374 3
725 960
929 219
915 792
350 671
591 583
24 247
885 806
506 633
920 817
8 683
685 527
635 940
816 706
156 355
319 785
309 374
713 862
717 345
829 580
223 181
152 714
265 429
34 754
141 787
701 394
174 753
205 389
381 142
469 198
312 895
99 232
165 55
317 498
195 970
626 346
240 225
312 750
506 172
455 277
296 162
4 371
465 797
100 708
87 974
93 269
848 526
877 675
302 235
505 477
947 242
198 72
218 826
576 152
528 283
123 907
14 590
823 460
959 696
878 777
481 181
45 844
232 877
429 45
951 424
572 35
944 698
121 271
234 22
254 45
866 691
848 534
263 59
232 523
302 190
231 839
604 483
586 850
435 834
898 374
577 957
300 60
15 987
680 418
629 961
922 483
447 396
835 784
629 626
63 892
270 471
772 964
755 4
557 262
670 63
467 60
603 456
677 833
504 664
260 598
208 80
150 791
104 1
569 441
428 671
440 3
949 918
206 622
601 584
716 399
816 637
251 48
678 934
455 475
41 419
591 927
5 280
613 755
562 583
946 486
397 478
951 859
989 938
38 568
460 514
142 338
430 457
696 479
53 814
297 372
830 942
248 486
359 498
732 584
953 909
36 983
171 824
402 931
154 6
451 600
92 350
607 425
700 29
334 263
250 542
303 520
641 681
823 321
956 358
405 472
957 539
11 881
174 287
586 231
569 16
813 169
638 725
28 928
399 623
591 251
349 764
522 478
206 31
978 12
997 816
527 747
241 71
474 351
509 871
347 116
168 833
411 406
279 951
428 275
105 170
656 566
77 52
998 388
768 15
540 547
578 746
183 28
276 722
88 610
506 689
436 36
608 445
631 403
907 549
782 148
656 867
930 414
264 92
462 867
85 236
30 551
713 999
459 43
501 412
526 775
817 856
828 744
108 338
291 754
401 118
386 706
729 42
9 986
415 605
145 105
482 688
939 515
890 223
729 91
346 720
435 288
169 396
687 86
862 594
511 218
295 921
84 104
583 374
770 817
547 147
129 59
478 416
892 886
571 455
136 944
945 142
140 1000
775 932
971 89
92 465
791 331
760 379
962 971
357 787
908 485
233 285
487 656
73 420
77 404
284 786
888 502
729 817
548 211
509 41
668 904
903 51
392 659
500 860
802 834
231 540
200 176
312 458
489 335
116 876
297 974
391 876
485 145
935 170
579 285
927 991
757 526
932 935
574 512
545 807
910 518
949 36
823 527
555 181
928 481
947 575
927 765
329 884
274 175
281 781
356 375
229 975
488 327
829 656
521 199
706 221
490 848
956 533
313 525
562 956
711 221
164 608
492 21
279 10
415 561
222 69
4 152
577 74
527 876
624 939
499 625
26 355
467 143
529 120
382 798
643 240
956 817
274 533
573 111
611 772
79 794
540 280
634 111
780 271
528 304
399 995
878 882
847 481
154 126
653 104
840 625
473 378
918 116
97 120
713 86
128 972
40 264
295 624
511 8
743 118
563 756
837 509
106 9
469 921
884 344
323 776
31 475
864 592
58 103
366 64
105 64
950 86
842 615
699 210
239 21
77 154
918 944
941 369
507 325
110 290
21 307
149 366
794 629
814 624
319 50
622 332
87 54
750 370
578 675
890 881
377 802
217 713
406 781
635 943
394 441
829 579
801 226
196 602
496 158
882 162
833 305
688 540
708 599
322 310
659 268
644 255
368 472
848 850
302 415
416 814
147 686
995 914
134 856
729 98
325 919
622 727
762 986
984 80
877 507
577 455
781 245
32 988
344 862
349 95
168 12
942 440
302 91
875 119
613 920
970 897
992 841
75 623
743 180
598 665
845 447
90 26
224 146
799 247
451 413
801 6
42 866
741 548
121 511
488 918
571 237
325 470
519 261
319 483
637 356
684 114
682 771
120 304
375 520
889 128
86 581
234 344
567 398
609 380
385 330
759 934
462 328
821 271
570 1
898 520
669 331
980 892
311 98
986 497
242 33
251 981
758 905
294 355
422 436
481 872
152 696
116 745
15 532
13 713
470 416
143 122
660 848
311 996
830 384
818 370
142 902
109 49
666 772
773 96
284 83
679 722
820 13
308 345
539 431
249 327
255 377
381 942
938 835
887 356
389 521
429 588
394 913
752 169
204 239
424 84
961 147
445 290
753 84
374 988
435 372
398 616
292 427
43 683
188 4
598 475
72 565
182 558
799 964
295 837
116 294
653 95
766 696
415 444
782 178
735 743
866 882
118 751
305 2
657 309
880 954
277 172
636 775
563 703
638 321
400 681
7 388
85 996
693 741
915 663
310 95
148 302
168 548
426 584
101 330
231 763
569 536
476 644
405 810
945 813
894 280
572 516
479 594
134 43
839 478
752 988
965 908
864 970
840 228
800 546
963 46
358 548
255 840
860 446
661 315
763 140
21 732
740 196
647 376
834 769
636 405
216 600
995 903
419 817
648 965
960 855
25 650
688 454
143 94
293 333
241 20
401 835
159 960
734 536
312 841
792 467
441 555
33 579
563 400
178 910
677 440
805 371
41 414
429 944
297 36
596 584
175 79
982 309
717 568
317 170
139 662
441 229
75 888
493 553
60 140
685 690
892 657
396 142
397 163
109 601
183 758
168 53
748 239
630 5
283 260
882 584
974 534
84 984
969 438
163 459
331 641
869 200
45 915
905 882
525 393
632 269
720 907
277 192
794 90
577 602
266 851
306 592
92 65
328 184
37 704
390 496
483 424
314 614
966 711
695 31
201 463
55 508
367 446
849 459
298 595
741 717
278 581
121 544
710 568
751 292
419 401
646 848
524 757
551 973
528 752
944 143
375 865
307 705
643 250
846 810
872 417
636 330
466 718
128 331
946 998
80 84
374 327
294 590
251 925
569 496
109 471
704 790
353 903
243 561
959 175
617 284
621 316
915 77
717 873
186 915
659 80
91 530
990 642
496 194
424 383
676 268
818 531
191 535
673 380
433 759
86 299
17 496
880 344
933 802
826 850
328 448
647 800
675 887
613 741
255 305
540 123
524 592
691 449
527 879
30 845
148 844
230 262
806 432
348 667
535 417
81 278
917 659
45 61
685 389
309 957
407 643
391 382
837 218
839 636
576 92
44 418
852 505
874 337
37 531
426 750
906 724
814 949
379 914
992 123
917 729
389 155
54 105
292 566
495 9
8 785
345 752
932 742
330 600
958 610
893 23
640 229
54 139
376 605
12 667
161 183
371 934
446 176
484 963
10 544
584 273
693 145
808 933
332 15
775 399
13 676
394 422
877 805
694 741
878 6
700 980
540 667
438 167
262 625
503 199
325 739
198 627
87 420
808 707
705 845
227 1
764 488
801 338
881 83
753 121
407 370
869 547
619 656
856 382
307 6
435 125
950 812
240 227
98 129
389 532
885 289
269 254
587 79
956 792
494 843
135 661
155 251
970 172
878 557
221 374
80 666
498 900
743 465
856 11
397 235
956 126
596 213
796 919
376 368
467 27
771 179
850 424
690 1
432 273
395 871
435 678
352 88
482 436
376 78
361 286
986 795
848 819
611 622
34 287
162 328
182 143
720 738
3 520
131 607
832 752
580 374
67 349
943 676
863 382
987 284
254 781
236 872
936 590
647 224
872 588
484 306
176 195
929 411
695 244
755 921
684 107
445 697
323 5
972 137
989 584
78 281
530 656
152 115
493 222
959 1
21 552
683 899
885 937
651 673
820 232
267 728
531 887
345 136
99 409
530 25
372 899
545 23
639 787
125 725
648 776
812 922
282 957
49 926
748 792
584 969
931 177
757 936
131 176
39 619
248 522
320 151
606 277
293 236
982 694
961 146
815 107
528 603
274 715
634 53
282 206
637 720
822 972
110 978
435 484
532 830
206 417
597 784
49 346
608 567
880 812
790 153
993 3
775 591
387 662
151 337
382 935
836 591
874 262
766 264
685 775
177 541
923 617
325 351
400 682
720 831
828 298
45 80
928 940
504 270
965 143
340 114
132 852
382 354
521 668
300 433
145 388
288 979
220 760
503 701
391 667
397 858
950 398
642 631
114 166
877 715
73 859
815 757
228 49
103 883
677 756
218 334
95 803
544 663
906 258
1000 441
353 28
700 810
402 37
241 11
722 730
389 825
484 761
213 421
855 986
941 521
454 977
290 942
187 822
976 337
207 699
688 549
787 219
825 396
882 871
117 682
557 957
83 630
191 579
235 851
356 196
957 8
298 391
389 620
506 226
986 552
933 287
517 352
794 816
169 498
814 482
191 801
876 111
969 347
473 516
535 412
153 902
328 444
182 523
681 504
629 466
331 563
942 497
529 188
421 259
309 956
793 839
760 270
588 308
447 514
249 783
947 458
235 300
685 322
102 92
49 32
180 830
399 732
111 742
577 970
745 376
140 712
272 464
805 714
686 7
962 747
63 506
533 208
348 282
561 175
998 324
803 374
777 230
965 52
617 80
301 637
929 316
87 44
842 803
938 418
133 836
81 403
638 649
533 291
256 305
167 37
6 365
691 919
324 576
129 598
557 622
468 651
587 759
643 681
881 406
55 833
702 132
34 460
229 606
270 48
59 76
605 888
56 470
143 339
313 636
903 905
451 982
444 514
490 624
229 276
395 527
583 54
287 501
307 459
476 466
38 361
645 415
539 180
795 46
1000 992
430 7
291 863
628 988
477 56
80 846
580 863
136 624
947 264
714 5
37 304
3 224
442 320
334 722
615 839
317 512
693 905
148 530
314 774
421 546
353 980
225 10
653 247
675 259
606 809
24 655
999 458
125 313
709 773
956 415
794 302
301 792
977 309
67 352
490 865
183 270
167 645
82 415
138 413
51 916
270 694
751 315
572 606
522 359
997 967
779 156
319 175
637 416
927 812
252 130
262 965
998 499
968 802
697 289
368 542
856 771
746 507
398 861
603 30
566 134
159 724
589 31
501 655
63 392
907 542
378 442
655 852
217 888
825 121
916 288
424 574
323 310
941 819
913 494
307 875
91 960
957 872
806 194
790 711
332 381
338 766
778 611
74 260
203 743
245 235
351 816
541 256
678 155
779 816
282 888
467 316
982 704
593 962
502 326
749 703
566 927
861 773
227 557
448 782
302 89
715 704
109 689
365 839
300 682
121 163
257 857
978 261
962 926
779 764
616 938
656 1
931 905
699 421
205 660
731 224
248 432
4 611
804 232
220 503
328 944
129 161
718 157
993 930
245 981
907 126
379 463
626 580
510 491
827 295
685 829
559 868
788 442
333 483
116 981
510 702
294 278
663 891
522 125
636 371
911 173
623 119
146 281
916 341
81 398
60 823
777 137
760 591
281 858
583 549
108 587
623 228
346 880
420 735
919 743
811 422
152 553
63 317
263 815
469 118
632 421
569 152
491 936
607 372
432 624
28 59
717 897
611 386
61 957
942 542
924 125
374 44
543 773
530 228
108 504
435 88
937 254
740 939
545 993
969 557
307 402
174 870
411 368
610 184
738 101
847 645
444 248
429 876
412 606
452 659
685 443
600 237
512 837
70 241
550 687
58 729
130 58
850 280
634 276
913 705
922 177
617 756
945 240
582 239
72 868
988 178
615 109
323 821
489 93
825 539
453 442
606 624
275 566
646 731
647 182
428 232
766 122
270 767
551 602
699 175
862 937
239 487
12 638
43 336
389 356
707 249
428 270
531 583
806 767
336 117
544 970
367 856
187 55
941 601
38 823
322 862
260 501
771 885
954 575
826 602
904 288
320 423
617 439
15 146
902 951
331 25
96 994
498 522
912 746
711 250
514 850
715 255
297 42
27 209
30 964
643 507
292 922
70 928
95 375
957 120
170 602
728 96
528 67
748 35
587 231
456 611
844 526
352 398
410 28
446 886
524 221
624 96
885 71
944 615
983 734
963 593
412 977
698 602
154 136
343 748
783 883
896 412
534 191
37 637
495 785
262 402
447 658
418 884
439 814
651 334
101 283
376 246
245 556
145 869
646 711
133 528
941 505
329 464
590 992
662 317
758 684
573 750
228 865
154 588
513 3
976 867
224 664
472 858
29 993
328 952
551 860
91 756
204 329
906 197
191 93
4 197
7 575
322 15
621 681
398 456
830 463
730 35
694 185
679 222
369 249
692 411
397 257
380 479
734 762
810 42
251 362
915 301
868 459
504 574
902 458
982 343
506 148
839 58
531 253
616 499
815 189
925 525
654 245
783 440
36 820
559 184
326 61
209 988
230 710
356 773
486 761
760 778
3 82
10 826
301 361
700 81
595 381
692 765
474 990
573 334
166 748
25 456
554 829
407 754
432 454
508 561
714 484
201 143
663 336
370 558
683 47
733 185
664 928
591 15
685 54
888 62
337 328
533 130
884 170
957 802
64 959
987 163
401 836
664 894
793 158
979 583
998 353
803 277
567 468
510 607
204 286
521 548
752 998
652 340
752 885
626 146
842 983
293 545
318 76
530 588
252 464
471 694
365 79
191 343
263 714
622 260
694 618
19 158
493 939
613 842
282 564
542 334
69 748
144 573
405 623
830 197
833 167
28 71
981 103
484 513
359 663
52 845
606 428
806 82
494 734
173 719
247 994
929 613
252 916
364 190
771 262
535 737
496 462
170 643
101 957
551 320
526 28
892 612
127 233
184 539
795 13
818 998
486 888
748 107
948 549
15 51
173 258
49 316
264 453
822 913
571 403
37 467
957 642
634 497
196 308
213 754
272 236
129 277
754 950
517 777
686 51
657 350
482 725
638 296
328 211
145 515
384 325
257 201
697 71
154 883
926 653
908 424
340 602
234 165
624 485
914 857
827 88
556 378
991 837
690 752
233 107
949 933
306 745
608 105
550 844
962 720
779 42
998 178
836 41
2 577
229 64
655 612
751 207
891 472
542 121
605 955
252 389
492 404
996 4
100 209
763 851
360 830
614 364
241 109
48 971
431 312
804 806
810 83
96 967
283 241
194 300
587 271
950 927
916 539
298 286
35 714
126 642
880 354
610 855
95 141
351 791
96 990
725 6
981 236
928 236
378 915
416 700
493 578
448 77
265 905
749 273
342 818
258 194
994 216
922 877
248 490
339 917
946 87
729 285
715 286
330 240
791 93
634 418
541 694
980 138
343 602
913 823
411 912
412 893
469 892
573 374
261 852
228 665
409 993
546 738
175 718
604 300
672 225
477 434
872 908
407 591
992 37
521 817
598 883
157 421
880 746
594 56
885 599
44 25
780 997
910 780
675 137
768 997
396 926
972 637
590 52
869 195
617 122
7 116
323 227
108 891
689 101
683 259
100 407
478 61
878 756
416 318
428 800
848 465
431 766
967 984
489 553
787 398
881 287
475 714
4 876
226 716
850 530
483 199
20 406
597 412
584 521
894 499
865 860
937 319
726 872
428 129
920 523
709 835
981 942
359 590
909 376
550 189
761 397
726 978
731 584
329 408
928 682
578 221
579 556
765 809
52 692
520 222
23 501
944 826
537 167
696 511
145 399
862 44
629 303
835 980
453 701
148 649
775 540
103 506
48 37
505 266
38 371
309 954
615 426
849 669
84 232
813 378
542 280
550 416
788 584
997 638
413 541
371 143
478 849
339 493
718 171
647 149
492 792
257 467
955 292
977 428
760 972
944 51
656 647
751 150
405 512
834 606
836 496
335 229
508 65
146 700
313 85
151 661
579 430
928 630
565 847
472 562
401 522
985 614
366 466
260 347
498 250
542 433
86 989
687 211
569 359
792 276
759 318
834 915
51 487
547 554
472 848
489 918
273 865
228 309
194 485
38 50
350 224
422 221
338 792
691 292
643 585
320 920
877 646
740 654
409 492
853 489
212 487
212 251
917 908
772 129
596 31
188 88
904 793
240 823
993 367
143 45
559 40
248 290
675 551
254 344
516 285
754 768
904 631
409 191
885 203
561 269
624 363
823 133
184 956
850 229
173 80
157 587
177 405
622 170
804 246
345 190
849 411
496 845
307 433
270 878
261 791
214 759
236 571
759 809
941 476
927 685
272 589
917 147
612 541
63 839
335 738
12 519
604 169
328 884
293 974
3 860
445 515
985 566
548 544
471 339
402 822
538 807
600 302
557 430
891 428
375 247
861 126
588 452
163 659
458 737
459 312
523 371
372 827
265 71
213 377
360 195
849 542
367 512
316 630
743 953
610 622
296 506
906 427
162 754
131 456
846 705
761 603
764 346
912 563
285 559
895 544
213 69
844 482
347 794
699 473
792 701
212 404
505 134
403 366
151 251
961 139
924 313
106 514
568 275
696 456
861 914
454 72
353 187
670 860
839 831
151 473
706 528
653 55
179 912
184 890
480 145
615 869
486 91
310 341
339 531
60 501
42 152
799 243
12 231
180 833
720 854
537 256
297 735
637 655
103 311
92 4
609 406
917 469
525 688
713 336
492 977
292 597
885 626
72 439
253 122
37 999
337 85
863 896
829 784
298 840
50 558
228 137
636 286
693 321
180 308
94 726
488 650
284 186
461 317
9 132
765 367
226 553
510 444
321 283
105 636
969 537
20 499
48 62
833 352
407 461
392 122
800 855
817 783
912 881
506 376
434 493
643 739
596 705
407 290
213 127
734 691
881 45
790 737
368 504
866 347
668 197
122 187
873 641
217 229
649 847
881 190
829 438
338 627
100 534
908 555
693 544
810 261
23 449
947 164
786 282
679 549
335 467
856 234
88 148
614 609
95 265
448 876
356 941
18 594
754 840
126 174
515 151
718 434
980 361
545 612
840 284
162 760
556 456
686 191
547 151
487 760
290 148
703 536
78 674
759 598
418 48
55 261
868 552
499 135
791 17
125 871
441 2
841 526
703 766
284 600
974 263
501 803
29 908
410 958
360 125
712 274
859 69
309 172
47 753
510 743
299 394
817 585
640 462
181 994
517 792
574 843
273 644
436 208
882 896
829 91
303 288
600 931
472 228
769 904
536 941
316 941
925 261
360 569
566 537
571 929
19 326
316 796
320 327
853 99
892 463
506 126
623 585
630 383
188 454
730 385
36 786
256 946
776 169
815 8
839 886
532 878
936 431
250 349
639 197
396 25
325 141
365 892
687 179
174 98
379 988
785 335
624 241
899 451
390 761
535 103
322 960
128 997
623 190
580 427
568 775
310 396
656 889
319 470
693 709
729 820
567 44
736 104
510 327
976 583
391 986
159 334
657 647
381 234
297 592
617 964
245 907
603 361
750 744
896 183
146 554
789 948
936 664
385 438
722 377
225 695
637 10
12 755
983 620
114 201
585 133
99 615
856 810
34 774
218 91
971 555
972 832
845 462
739 599
105 427
433 861
826 397
169 902
579 207
281 784
530 505
712 492
307 784
769 635
464 725
137 241
545 220
874 128
830 79
620 924
939 324
632 818
62 181
744 812
526 228
485 818
145 191
808 521
240 251
829 727
498 703
706 504
571 826
787 873
499 967
616 501
304 759
276 268
198 215
2 354
520 251
259 81
23 24
227 677
490 273
731 885
951 700
990 194
386 116
46 218
527 521
736 456
993 479
965 913
838 161
914 593
125 395
840 453
841 108
861 113
790 55
611 630
315 405
922 794
457 996
719 964
297 883
997 738
135 23
928 983
848 788
357 20
106 276
966 950
271 740
533 241
957 772
663 626
613 291
580 60
428 321
358 646
198 377
557 284
557 121
157 142
786 574
968 805
294 489
920 904
171 126
247 267
910 743
15 385
329 906
337 667
764 6
398 816
34 669
150 618
534 854
333 687
264 906
835 309
216 387
549 591
877 946
548 918
643 646
80 338
887 121
134 563
119 19
677 491
757 438
40 992
57 966
386 532
221 718
144 590
311 722
666 975
773 809
958 367
887 415
863 142
877 502
899 236
205 845
334 531
524 711
743 461
505 487
371 878
537 628
696 594
763 608
801 771
452 713
544 166
752 228
69 64
549 374
71 758
990 472
258 433
689 328
590 653
612 750
228 630
391 124
193 797
89 860
861 454
679 552
484 431
745 563
571 81
129 166
918 998
722 31
760 918
210 331
753 747
202 807
721 861
703 709
315 524
998 259
727 195
208 199
337 997
856 883
626 830
637 50
989 757
846 870
388 858
775 350
464 480
318 415
546 98
929 106
566 353
532 49
345 504
721 136
833 502
171 235
521 539
87 311
53 861
710 219
627 462
212 612
228 102
52 13
56 456
899 524
703 238
194 178
26 933
856 687
549 756
386 760
938 957
387 177
227 398
688 378
265 685
739 717
951 849
118 748
60 374
248 526
486 568
936 293
424 89
592 769
740 583
905 494
395 584
752 61
945 442
856 154
70 244
184 791
849 695
166 731
367 952
838 890
127 882
318 797
317 694
818 381
198 741
948 968
55 102
918 160
520 946
82 64
323 822
589 527
954 903
483 912
375 634
357 219
910 867
762 365
946 965
338 771
955 282
893 158
336 330
44 27
774 205
959 323
390 186
397 854
107 842
349 777
498 69
247 322
563 859
458 727
700 817
650 41
834 794
180 893
599 30
765 370
858 148
973 325
740 80
225 997
890 549
539 608
446 223
393 290
118 76
369 163
886 968
85 103
182 248
103 228
274 502
97 569
304 893
630 588
477 782
192 898
913 102
17 41
606 245
329 367
500 971
844 521
205 789
961 995
429 845
32 537
432 422
311 169
849 770
728 897
177 141
106 893
490 476
391 166
598 730
451 459
842 280
420 374
499 471
803 143
521 819
953 766
987 302
538 928
82 36
615 146
798 502
121 442
231 645
515 407
755 823
538 979
310 49
872 633
444 690
918 816
388 621
299 186
907 443
128 34
668 676
225 694
935 510
962 312
907 665
466 715
437 506
483 148
781 805
522 899
526 112
284 498
603 212
517 140
755 401
332 454
423 921
392 51
48 917
13 925
913 407
688 789
933 860
700 953
222 301
854 520
841 373
938 799
815 344
943 279
753 33
458 143
520 414
635 453
909 308
895 927
763 366
995 973
109 981
933 15
438 615
667 127
891 669
403 849
140 164
804 387
870 900
231 122
71 525
990 509
867 626
101 602
858 839
451 423
349 284
975 504
707 630
235 413
429 373
729 791
124 441
211 581
819 770
272 591
972 560
349 943
872 740
210 503
256 789
17 873
270 549
994 843
367 191
793 268
483 466
449 710
621 616
824 502
570 230
347 291
149 473
940 308
389 458
119 351
606 92
678 952
57 122
76 178
367 925
351 376
636 474
692 292
857 666
108 611
459 347
311 926
458 638
920 919
823 435
851 977
817 737
88 719
859 426
578 462
134 560
433 645
674 989
307 156
554 103
937 373
764 340
933 193
56 267
458 163
574 205
153 695
156 830
912 580
288 366
164 273
348 598
535 738
454 78
3 34
892 866
62 515
853 380
766 567
468 222
948 544
87 948
382 828
420 89
245 492
880 858
602 943
754 802
24 977
225 80
740 785
503 981
539 767
755 544
754 949
187 28
962 922
747 196
626 249
55 29
849 628
921 103
758 964
85 970
486 187
949 389
634 577
563 799
758 880
438 425
529 851
868 566
25 884
707 880
10 224
907 114
671 213
644 607
604 24
896 193
492 866
38 722
148 118
442 211
552 12
675 323
319 207
716 593
609 743
223 611
172 328
171 460
552 897
590 249
276 769
439 727
856 995
309 199
994 945
207 908
164 881
834 985
198 592
894 781
585 68
541 222
216 271
491 375
255 662
541 903
441 519
999 535
251 279
92 785
535 657
277 641
744 756
69 495
216 45
532 741
754 533
256 936
749 804
853 431
359 410
841 495
587 255
970 205
697 915
297 381
339 918
356 984
552 229
917 563
672 718
800 499
32 621
676 142
790 146
960 201
487 276
714 424
73 32
595 423
101 402
384 610
20 648
866 622
896 399
91 309
129 16
629 772
759 866
478 779
926 383
806 785
914 971
58 25
96 348
993 962
577 771
306 530
451 42
45 211
237 517
399 476
601 245
929 299
570 47
837 311
43 542
760 657
155 943
562 514
804 574
752 801
564 432
696 872
143 55
56 135
219 341
494 345
351 432
669 75
561 578
191 283
882 758
57 803
719 823
136 142
269 462
308 404
365 165
96 998
661 906
240 209
282 922
410 739
526 185
982 335
285 533
71 228
700 756
512 327
278 326
812 778
100 564
784 583
307 498
92 612
166 395
114 984
64 205
299 886
943 193
451 799
287 429
397 221
629 300
745 807
340 473
897 538
1 589
607 357
304 442
603 830
433 26
20 590
455 905
791 211
112 618
889 241
693 801
966 287
816 436
706 888
980 399
799 181
323 644
435 786
741 455
791 433
190 343
284 873
374 773
742 864
362 821
607 825
557 20
379 538
766 154
885 658
422 554
738 683
703 655
65 751
963 210
505 820
362 727
254 985
955 406
975 603
747 712
954 866
147 128
974 353
262 877
217 758
974 713
698 367
744 225
449 283
273 725
184 88
555 59
955 741
173 566
220 567
329 718
476 875
536 92
898 927
597 445
362 797
864 689
346 679
620 65
994 347
498 554
192 705
925 743
786 47
950 858
456 933
154 308
763 376
153 239
752 247
257 549
981 751
166 439
28 396
636 697
505 260
59 494
331 581
5 908
31 908
262 738
456 274
678 429
809 274
211 12
386 229
741 855
581 318
230 292
680 1
292 207
666 476
580 634
687 454
559 333
448 965
729 628
24 516
2 932
165 552
701 742
874 234
876 524
326 629
681 522
280 941
917 728
962 857
768 911
393 626
637 345
799 62
358 346
875 716
896 375
698 207
803 392
607 930
77 147
924 652
707 804
195 88
21 316
738 830
834 673
626 33
713 612
642 683
129 516
593 95
170 184
977 824
553 540
412 237
837 860
696 800
345 182
156 234
783 63
161 260
161 289
808 713
769 581
215 594
406 614
778 669
619 761
139 162
288 129
151 790
946 506
765 908
826 880
136 420
92 957
329 341
718 921
848 631
939 576
692 776
273 142
844 707
587 163
92 707
255 49
886 509
728 971
467 33
701 808
80 958
283 627
603 870
1 294
936 135
22 476
940 695
372 223
949 655
733 104
491 901
611 660
708 314
254 250
103 304
819 579
452 120
418 952
923 673
599 560
174 485
569 517
987 274
533 162
84 270
167 676
224 870
43 474
81 163
82 380
29 643
945 826
649 267
381 144
256 33
665 395
24 61
794 545
674 592
651 220
881 533
608 331
518 216
21 336
949 244
698 436
77 921
650 51
51 514
470 72
163 688
55 998
739 913
367 944
8 335
268 769
485 517
103 986
215 764
623 227
880 429
744 524
997 442
14 212
750 226
436 366
389 154
38 238
847 844
170 446
579 790
450 862
87 535
715 214
6 89
75 191
100 898
619 626
835 561
322 388
913 239
221 690
890 195
981 148
875 413
123 720
52 732
201 702
336 279
352 574
904 837
511 94
838 434
822 855
74 7
774 970
980 39
433 364
733 313
936 69
844 630
187 349
153 861
279 293
946 34
714 70
554 559
439 35
480 176
300 875
448 926
909 831
112 523
628 900
941 238
966 323
609 70
977 18
859 666
399 631
370 453
371 36
343 410
897 106
550 876
936 528
974 104
479 714
760 948
995 276
194 934
765 189
656 671
175 921
896 174
91 466
589 367
113 574
497 863
647 83
225 680
587 786
417 126
77 44
962 466
345 460
110 76
612 310
632 460
794 807
120 733
247 461
397 566
608 437
848 100
612 389
218 115
43 898
704 984
599 137
882 959
954 528
683 178
854 57
937 291
386 555
35 784
507 831
606 473
985 680
407 176
209 713
49 956
32 206
624 808
597 107
9 754
818 840
781 340
838 271
566 830
256 949
222 224
773 259
247 599
1 723
370 978
98 421
580 865
981 494
505 413
396 20
456 759
828 119
916 359
469 683
879 932
754 875
496 583
244 237
995 623
45 908
597 687
193 697
699 371
318 831
391 49
193 810
417 478
736 252
183 179
442 123
174 434
513 356
456 179
922 432
284 921
547 5
529 754
751 301
458 900
495 99
613 268
413 979
13 528
751 146
44 394
580 106
198 989
548 520
141 974
458 870
958 939
329 715
636 321
393 17
216 652
488 401
734 818
544 55
419 837
8 978
523 331
142 807
539 721
96 798
209 506
392 166
765 645
125 550
772 329
651 636
835 491
913 405
696 99
345 123
743 66
648 198
591 942
740 340
632 821
356 605
428 962
565 271
288 213
582 196
958 55
682 493
847 949
880 430
952 811
324 870
832 257
135 686
947 112
417 973
143 639
916 829
442 616
815 41
321 701
468 196
162 891
198 101
364 373
993 355
701 914
904 748
580 837
762 160
835 948
361 521
783 700
698 648
771 92
758 220
10 694
837 195
735 548
900 527
417 521
514 153
163 125
662 1
976 760
941 438
14 53
721 596
295 505
813 124
637 344
68 53
31 451
234 221
42 936
189 967
461 930
651 254
512 664
784 413
73 682
253 126
555 602
613 288
65 714
24 81
445 543
814 632
841 574
442 809
933 651
570 691
368 611
20 372
560 353
501 649
963 892
820 787
513 701
511 608
417 304
955 768
522 933
407 421
29 147
982 59
562 969
69 727
342 821
476 767
677 247
645 74
449 177
503 482
536 527
36 631
775 101
630 267
298 438
765 788
231 468
431 246
549 831
52 761
571 859
221 734
222 41
728 174
268 305
508 942
913 44
790 426
149 530
921 553
294 741
153 983
631 772
487 157
306 207
397 228
112 258
614 633
980 115
502 459
311 147
67 919
396 435
842 207
165 634
974 960
560 532
957 526
600 309
709 125
358 101
208 234
422 774
614 298
816 381
528 65
396 657
495 197
667 566
617 871
716 629
780 879
619 273
345 676
570 311
842 560
715 770
298 530
10 238
360 359
364 278
55 338
868 647
831 285
431 899
821 279
324 337
551 914
698 450
242 966
498 501
557 381
890 810
46 770
108 931
53 46
698 437
591 546
321 366
671 410
859 234
751 936
133 23
618 543
621 364
961 253
129 656
701 947
872 158
268 913
450 812
905 160
393 404
235 735
821 892
420 955
856 794
956 725
188 335
812 913
778 513
835 560
550 229
807 654
830 885
27 120
160 327
397 38
58 798
826 900
666 593
278 299
930 934
952 663
610 178
117 98
64 18
909 92
69 271
839 799
577 340
308 118
247 656
268 59
783 756
435 538
148 609
847 417
813 273
174 516
89 995
609 212
15 39
903 288
649 406
909 911
948 971
951 52
572 847
132 972
301 223
684 288
998 192
671 58
372 443
263 308
842 679
510 521
521 534
522 313
281 621
528 464
189 721
94 466
873 148
809 292
226 598
318 446
800 681
422 456
463 699
220 827
422 91
464 749
800 887
658 365
821 815
270 95
796 483
84 445
268 516
172 657
203 473
886 894
757 366
891 916
127 752
182 881
368 119
76 838
49 524
726 838
965 758
35 625
623 698
202 226
184 617
258 279
131 34
494 778
784 712
342 718
809 171
387 477
335 435
887 614
73 131
746 665
236 747
775 680
46 412
606 820
917 311
282 382
763 779
784 148
954 300
847 219
171 586
245 629
582 348
513 379
931 212
698 809
799 884
918 818
557 18
775 991
409 738
72 100
309 377
493 492
817 318
733 994
590 21
448 398
663 987
208 243
972 749
191 91
194 173
402 374
431 552
968 924
937 723
756 731
349 541
542 442
177 778
540 48
754 4
846 972
786 779
570 914
864 699
137 245
69 754
568 175
53 425
43 655
838 590
195 984
288 214
312 732
371 322
891 944
341 351
913 182
292 309
937 56
866 142
630 351
764 625
818 877
835 665
620 417
40 181
827 255
169 471
27 977
725 170
249 97
931 551
913 976
516 139
758 162
373 192
429 174
250 381
166 663
741 853
978 649
170 858
338 232
690 21
766 760
235 368
285 422
81 522
822 681
400 858
202 730
249 71
729 747
35 54
585 573
440 582
189 554
97 337
542 587
275 368
375 654
198 994
604 384
533 140
168 740
67 502
181 354
992 337
99 937
7 234
500 552
987 980
971 869
731 188
894 344
396 827
78 261
741 459
582 757
894 683
769 264
169 708
370 127
157 59
881 329
377 893
556 871
280 410
299 470
482 168
431 701
217 833
623 201
716 413
260 459
83 872
527 407
765 680
89 191
587 648
273 832
570 950
377 800
22 128
118 306
543 921
937 455
442 952
908 645
890 314
191 563
674 587
416 807
291 693
146 240
11 657
813 872
48 741
322 465
491 426
93 402
337 156
355 395
265 919
286 779
172 900
184 545
973 269
283 343
801 662
732 638
145 330
838 187
356 950
906 331
919 649
535 50
975 187
941 416
512 825
268 231
842 204
914 689
275 779
719 134
611 521
466 40
784 77
841 12
842 351
770 16
791 394
29 639
358 501
578 358
645 961
794 269
266 77
114 464
510 387
383 915
891 213
78 71
427 957
176 251
86 594
281 65
228 807
780 590
786 655
987 524
237 943
163 596
424 852
427 91
410 935
360 6
75 923
698 434
803 365
314 443
760 743
941 622
108 563
480 670
592 992
510 863
636 505
26 676
678 754
56 93
130 828
437 672
555 5
460 199
703 133
687 512
924 854
359 979
752 629
489 849
825 271
424 656
35 886
398 164
826 675
672 5
564 19
884 150
455 354
403 575
705 67
320 239
49 999
70 959
455 755
53 820
511 40
866 41
114 770
352 244
249 25
308 870
455 529
115 576
577 299
101 701
598 579
601 349
395 810
801 803
452 809
552 119
416 982
681 277
59 153
11 794
12 49
196 278
197 251
24 607
172 303
135 181
284 506
688 749
22 598
920 409
278 711
119 815
659 820
950 245
555 647
495 216
543 110
194 545
683 847
244 335
376 959
532 598
175 923
264 522
836 410
158 170
204 348
370 52
708 220
176 453
821 411
353 829
327 678
840 24
950 672
821 981
223 358
515 662
484 786
659 206
454 958
740 648
708 513
900 452
913 312
252 756
1 902
790 646
919 737
792 587
577 203
706 401
653 694
602 302
787 642
292 274
48 507
408 815
851 131
57 732
991 289
294 723
207 342
122 442
88 198
170 980
690 159
780 929
212 175
585 947
127 60
516 295
511 349
10 656
727 893
486 917
954 459
24 524
7 317
124 901
558 907
514 179
171 391
936 833
168 491
352 24
975 480
542 733
440 282
407 596
183 141
821 652
975 401
244 397
806 929
435 900
21 67
724 518
229 416
110 413
203 717
936 526
264 599
484 242
985 947
361 137
298 890
155 799
707 218
365 731
266 412
803 719
14 674
312 306
555 286
494 30
400 18
768 229
724 466
529 61
238 35
60 775
744 228
472 935
270 286
699 652
995 309
852 984
228 428
467 748
88 759
717 864
864 700
955 855
578 486
27 404
869 400
212 664
949 381
787 142
330 751
756 873
171 820
1000 699
86 288
273 901
200 931
221 583
368 5
598 207
438 712
648 38
957 36
745 998
283 477
213 788
948 473
257 570
312 571
776 330
948 584
587 301
697 968
59 483
259 229
658 933
552 160
809 279
745 657
562 73
123 873
169 929
220 197
112 454
171 907
219 519
272 278
770 13
112 597
920 418
3 390
461 894
718 623
559 645
541 922
853 920
789 517
642 243
607 649
666 253
153 422
64 519
871 772
432 219
175 893
968 509
628 15
565 3
64 950
580 628
506 827
177 361
729 900
803 397
514 173
703 684
462 378
45 434
587 847
551 1000
501 589
973 86
121 805
485 268
267 969
750 376
935 414
169 715
977 172
561 941
525 842
674 132
626 141
368 613
994 937
996 111
155 537
47 543
501 493
855 180
693 9
841 11
333 682
502 33
265 474
416 90
750 197
269 749
887 116
635 135
194 451
450 889
407 617
184 341
826 652
722 813
597 207
283 155
636 811
284 240
514 789
700 712
100 632
412 684
587 70
236 104
79 674
795 149
385 910
134 993
351 111
491 58
457 510
22 774
528 647
378 856
753 700
681 431
993 397
277 444
776 501
995 715
154 41
282 98
378 715
420 468
115 532
49 390
141 366
182 378
814 111
961 713
141 511
310 42
82 89
653 356
676 987
806 926
814 841
466 843
659 648
806 42
977 349
372 279
391 793
512 358
73 580
827 319
315 515
319 203
512 277
34 105
327 556
384 920
644 126
343 406
6 402
462 624
191 146
565 897
927 558
775 490
397 608
53 206
436 250
403 499
481 983
616 118
924 855
981 219
800 877
284 54
602 41
256 543
124 266
385 957
304 967
1000 356
431 438
142 63
473 228
244 673
80 450
613 760
869 590
428 900
305 621
697 693
94 167
204 931
705 66
668 114
411 219
819 198
930 821
736 824
934 789
442 703
49 631
766 964
378 781
255 481
342 672
753 719
921 523
922 884
210 706
61 513
454 313
257 915
311 320
168 210
371 493
443 968
369 614
779 562
467 62
359 116
767 75
418 646
861 146
97 77
741 876
170 787
639 13
236 528
832 823
36 707
980 375
124 977
750 773
487 353
326 545
845 527
166 958
225 338
135 197
172 842
492 924
474 691
261 639
614 167
31 389
414 23
72 74
275 687
647 63
250 985
345 567
72 473
953 304
246 881
928 754
512 497
677 921
976 782
484 85
601 663
68 700
769 375
900 744
669 214
28 523
263 613
268 849
406 113
43 903
650 165
437 315
396 98
547 567
240 503
459 87
227 243
484 738
602 13
697 785
492 149
610 528
134 764
668 656
866 377
222 788
887 429
778 547
283 67
1 822
109 813
996 81
957 31
958 296
450 579
491 117
421 322
761 84
705 223
924 383
881 380
787 505
877 441
143 917
535 407
25 713
121 1
230 685
430 99
178 456
491 147
2 186
157 806
960 186
619 159
254 438
644 652
594 979
442 292
975 114
408 492
997 534
68 553
706 965
193 702
433 111
883 467
24 700
701 734
262 394
432 417
784 150
474 740
456 39
461 427
595 52
202 333
10 322
286 175
16 79
282 993
626 674
382 308
185 984
519 327
479 666
707 959
802 857
620 688
90 935
503 16
91 386
733 847
955 317
782 414
902 484
690 514
565 694
729 984
125 255
823 866
402 698
894 963
168 808
812 497
794 612
335 644
466 565
964 308
547 868
589 225
310 282
663 842
484 977
750 460
129 572
228 478
302 829
393 103
655 891
12 975
713 686
346 897
186 566
631 328
778 274
194 77
530 499
60 614
665 956
337 595
29 344
377 335
527 83
274 471
298 465
173 739
106 646
692 129
236 5
536 685
117 262
245 241
338 565
537 503
235 967
260 932
890 105
265 970
199 689
918 289
944 940
746 616
709 356
31 904
435 551
454 257
403 674
206 486
387 328
390 537
562 70
46 79
488 647
250 490
16 110
755 587
827 854
131 847
206 273
923 443
482 713
193 666
834 130
20 733
480 490
693 690
238 237
859 598
955 123
3 534
723 391
797 916
686 110
141 700
737 295
205 457
632 75
387 772
29 699
712 995
436 474
440 678
348 503
721 875
370 155
25 780
580 58
911 434
343 204
418 229
43 144
280 254
418 32
802 95
203 982
683 320
918 681
225 838
530 565
345 663
52 273
262 732
964 462
602 265
942 809
180 236
109 66
184 231
576 697
298 147
781 550
910 442
969 990
446 476
899 935
939 422
42 570
493 709
791 738
938 759
523 820
268 349
964 898
568 427
911 645
491 428
57 682
263 14
653 846
396 249
895 783
703 595
792 930
615 700
62 516
107 109
804 349
991 649
143 882
828 58
757 76
135 962
283 631
461 234
112 483
370 763
595 398
353 783
11 828
591 478
901 808
222 763
101 458
817 9
103 300
822 314
864 108
24 355
222 650
686 277
287 842
492 968
793 209
902 285
67 468
929 401
471 46
438 524
279 935
29 816
746 290
855 388
177 741
15 274
609 762
312 235
522 98
831 252
873 846
421 765
351 347
997 341
377 948
215 760
642 533
790 926
698 183
337 522
178 526
289 495
164 717
596 712
463 595
464 659
705 623
142 60
308 300
352 980
518 683
26 541
869 589
503 451
407 25
322 674
514 536
342 673
516 190
714 328
654 292
922 37
438 979
274 592
810 558
794 171
481 124
407 876
836 546
433 241
624 204
296 823
120 923
8 568
70 377
388 220
700 128
496 942
784 171
382 398
917 385
41 662
760 218
698 524
335 796
659 822
287 921
552 294
789 199
522 450
25 170
63 934
216 999
567 118
805 685
366 877
798 868
327 898
54 222
368 881
332 788
501 955
319 238
926 2
111 136
302 708
618 348
103 788
986 472
364 532
760 517
35 971
398 501
806 470
426 2
320 513
748 705
506 308
68 595
713 770
8 510
797 162
138 609
643 708
338 812
622 952
443 555
354 66
317 78
601 195
984 245
730 281
252 613
270 44
762 950
445 490
195 799
626 422
457 292
520 198
79 869
26 275
28 421
624 10
933 486
681 85
780 287
446 895
340 486
13 392
514 367
572 153
366 976
268 218
487 422
879 928
71 551
202 338
221 86
297 638
836 843
158 697
197 221
435 744
936 835
962 991
600 496
549 409
76 881
941 95
210 235
67 654
875 743
234 229
880 703
145 860
573 628
557 15
409 743
929 488
474 263
21 434
684 406
958 589
264 601
710 582
125 254
253 425
436 895
812 498
760 835
409 513
104 935
376 588
146 692
651 773
690 869
124 41
416 338
801 403
186 580
760 545
392 219
800 712
928 509
269 221
689 434
518 454
578 373
74 564
915 86
735 313
275 247
518 337
479 337
649 6
427 464
213 79
694 566
808 609
644 271
828 550
227 127
344 385
810 162
773 830
596 631
778 964
801 429
148 564
71 199
697 748
165 14
719 746
135 682
504 950
726 865
269 32
541 596
155 153
770 886
255 24
221 408
107 927
781 86
315 204
192 305
851 585
937 92
306 265
400 974
663 455
709 389
859 568
810 792
62 639
586 803
300 286
646 947
760 18
707 525
999 333
177 286
803 62
825 602
954 190
439 954
831 404
870 506
176 210
638 102
732 511
471 5
298 805
998 286
616 811
682 599
954 912
439 600
977 17
725 979
651 976
120 510
466 534
712 194
592 872
854 509
974 326
501 740
12 797
933 435
241 977
375 124
473 492
825 135
223 184
427 701
501 518
266 365
911 113
812 538
134 554
321 81
707 48
313 565
136 474
320 279
194 368
143 697
147 698
757 535
669 705
248 883
800 144
611 78
902 504
136 312
467 198
144 867
849 930
850 607
248 471
508 793
973 173
37 329
630 88
758 141
575 969
524 845
428 521
691 196
567 937
415 460
936 253
684 907
188 858
80 947
500 36
727 807
88 478
362 197
568 1000
37 427
887 841
196 332
306 444
288 927
770 495
572 935
332 700
168 421
888 500
923 567
543 230
938 684
7 37
675 7
76 520
521 877
443 475
284 989
343 98
627 175
845 220
918 616
647 106
582 581
180 653
825 848
647 573
954 948
389 391
318 311
52 327
169 549
462 630
30 282
972 903
994 587
262 697
740 10
762 590
122 993
78 800
398 171
200 878
921 894
99 96
890 349
449 145
910 6
35 712
893 839
844 318
577 157
468 26
865 410
867 244
687 65
891 746
58 909
993 318
296 26
999 832
710 253
163 330
914 494
138 357
170 910
748 471
143 849
2 71
404 983
512 792
857 633
576 546
552 9
898 13
996 824
432 391
788 556
571 148
148 323
632 862
97 301
451 221
262 319
27 250
673 740
46 358
414 394
287 920
551 767
720 697
480 258
851 373
563 582
987 373
571 44
976 994
278 548
742 249
68 920
604 250
396 615
755 126
718 118
855 427
957 807
171 46
450 728
851 704
444 862
203 913
26 954
782 493
52 202
311 943
845 435
647 765
834 900
809 578
460 230
246 307
658 361
863 416
351 92
485 774
325 561
397 356
735 250
256 876
773 985
152 851
950 53
579 902
344 85
488 128
260 819
579 535
216 15
770 992
292 364
350 446
776 337
66 965
151 10
330 138
349 254
481 46
597 840
308 837
276 326
365 884
22 191
829 77
335 44
230 306
378 513
664 688
457 150
922 104
534 642
343 742
55 210
853 327
176 969
305 171
325 312
509 75
970 687
167 517
178 65
188 608
63 628
699 84
258 658
8 865
606 129
512 689
31 379
159 310
751 296
737 394
794 755
816 103
484 253
293 977
594 420
703 794
49 365
928 528
647 475
569 290
474 38
721 47
641 475
610 121
798 949
197 489
821 508
18 507
102 480
30 338
859 214
240 390
313 318
976 10
78 638
65 813
412 54
548 890
237 39
274 51
265 204
864 703
665 677
96 809
668 359
100 865
707 283
856 767
817 847
450 784
490 837
640 704
921 901
355 181
193 50
450 643
236 240
808 497
554 29
546 778
791 728
957 176
226 954
999 597
70 875
326 385
221 757
583 43
822 865
14 290
187 698
353 150
364 370
738 35
683 750
724 498
966 83
1 419
143 792
548 755
75 638
520 961
888 763
582 3
418 716
291 166
679 971
97 395
113 992
664 571
96 77
541 919
92 282
583 544
969 184
399 517
537 476
646 526
745 321
980 536
438 452
974 58
372 328
822 126
557 598
534 290
870 330
452 439
897 198
57 417
918 572
10 41
323 162
309 123
224 557
961 296
523 285
835 31
255 820
989 794
133 62
526 575
88 551
195 269
971 348
593 355
627 270
60 661
707 358
798 691
119 63
810 101
47 834
653 537
947 772
584 586
14 109
289 434
791 655
777 453
992 188
599 402
972 288
352 953
762 892
563 325
729 109
8 487
435 246
364 176
296 144
658 446
155 270
520 286
827 569
757 808
631 771
2 855
322 894
783 671
733 320
785 545
336 794
957 664
796 538
672 552
582 111
836 300
583 797
609 421
82 197
908 467
324 154
490 174
866 581
962 772
84 762
818 398
876 622
71 780
617 874
38 402
528 213
270 781
414 62
551 683
727 334
447 824
29 669
713 296
931 353
681 778
811 983
647 101
794 555
138 55
546 152
578 617
171 453
140 590
925 244
708 228
929 241
397 955
975 740
99 679
618 649
569 459
623 120
682 874
43 924
303 422
827 212
977 943
18 229
971 201
593 351
886 996
958 465
946 521
29 483
160 748
402 215
298 260
174 720
13 815
899 786
317 153
909 373
801 596
913 114
911 667
965 977
516 41
865 409
277 763
814 423
10 902
373 98
320 18
451 808
70 962
456 626
154 409
266 767
528 742
92 701
150 735
594 603
173 348
582 56
88 268
73 88
600 415
776 611
541 829
512 793
767 197
839 568
239 412
40 318
83 128
395 12
418 871
738 444
832 697
927 58
749 144
168 529
81 880
190 326
565 558
24 784
764 898
506 894
987 229
807 438
460 123
516 929
314 377
264 526
45 503
294 256
570 54
756 349
579 444
601 660
680 982
546 47
697 169
73 839
741 144
744 140
377 997
431 640
252 419
419 828
217 957
949 500
459 985
272 3
740 221
657 934
450 700
325 560
146 165
875 117
508 928
749 457
863 65
169 109
658 838
407 63
959 626
619 997
356 645
625 340
535 291
818 981
809 263
622 523
439 383
131 950
23 124
886 396
804 407
44 540
709 286
379 983
610 437
988 326
798 803
637 620
685 455
89 962
40 282
499 479
634 686
942 223
980 406
84 707
804 196
827 45
955 80
59 903
98 995
318 731
139 303
840 176
767 991
881 868
612 924
135 443
393 680
11 105
34 202
452 205
192 345
953 480
555 628
414 525
422 557
22 455
304 259
926 493
436 205
55 657
846 132
389 333
119 450
449 754
926 124
610 262
719 193
733 622
241 368
294 506
404 270
156 511
709 119
711 655
233 724
640 52
270 371
398 292
485 412
510 145
117 862
483 960
962 163
156 366
547 583
833 438
378 285
929 923
363 579
759 417
83 960
246 284
251 246
511 680
627 595
829 275
133 268
464 605
892 373
53 549
181 528
700 544
403 522
354 100
709 958
451 962
145 71
348 586
865 592
187 588
259 459
903 786
705 15
676 408
17 13
861 900
343 822
330 175
520 883
973 903
465 972
942 430
11 632
254 191
875 121
473 669
576 58
796 567
709 498
452 403
736 432
917 741
535 154
177 50
548 7
70 327
509 253
384 372
980 426
304 187
345 801
469 939
941 65
814 817
393 635
858 609
860 55
272 552
872 605
654 969
950 32
483 295
530 782
507 339
396 856
219 71
534 658
920 98
48 365
587 976
362 865
224 558
812 359
835 30
945 578
106 387
837 948
453 955
76 170
741 168
216 114
449 504
137 886
877 792
381 713
404 14
522 943
888 241
423 493
34 517
273 827
256 567
277 915
908 731
899 936
498 585
449 139
584 986
344 415
75 209
113 358
801 620
648 119
795 248
456 968
956 787
937 31
316 76
690 572
840 814
13 236
197 351
93 286
900 292
4 497
528 763
675 636
641 956
456 678
843 306
383 501
40 37
157 914
946 217
583 300
490 397
164 78
348 995
974 603
900 602
740 793
905 804
605 133
779 744
965 13
749 870
168 423
120 637
962 837
777 87
544 239
798 310
642 834
148 143
557 85
707 888
580 138
231 602
310 879
276 43
59 685
829 167
998 312
215 38
650 427
872 343
363 860
346 34
77 914
5 181
91 794
826 475
25 596
756 536
406 827
782 4
670 200
68 634
859 273
18 339
534 779
191 380
948 89
623 345
972 103
579 799
763 106
925 311
947 867
643 634
381 975
536 970
522 677
194 338
322 415
913 224
902 182
308 734
695 962
368 65
204 991
207 456
834 354
709 630
715 45
601 515
791 880
226 210
779 840
992 517
3 6
296 28
459 632
121 105
36 966
532 963
899 64
621 231
97 208
888 709
45 784
83 421
488 691
749 552
698 586
236 765
292 191
117 172
468 413
600 360
89 997
95 809
934 725
975 11
443 170
852 326
831 787
505 597
197 887
629 148
776 834
581 17
323 801
571 7
564 836
301 874
620 584
234 287
453 575
895 173
461 100
872 661
655 732
949 831
698 113
771 743
258 942
959 330
392 452
375 915
309 1
55 573
427 186
344 360
985 628
366 276
143 142
660 36
539 861
647 366
959 40
543 681
160 846
582 833
694 783
555 215
430 890
80 245
890 554
483 240
618 637
693 77
821 184
750 22
288 81
78 770
874 905
657 933
587 292
593 715
562 538
909 263
469 368
326 411
226 7
28 305
154 888
679 626
477 950
631 853
814 495
219 831
766 996
359 438
400 199
53 787
26 129
505 422
69 237
72 607
955 99
974 429
979 138
182 439
723 145
7 312
689 801
395 218
58 368
244 27
211 338
763 769
837 10
354 173
258 737
576 364
300 100
915 705
152 147
546 511
712 971
15 608
896 274
365 272
568 459
803 357
777 898
775 251
209 64
297 112
87 35
555 277
558 303
171 12
603 1
215 863
73 866
773 359
846 935
997 281
781 860
52 168
644 468
20 462
294 165
985 370
125 575
695 759
368 348
699 752
479 120
617 415
468 783
713 908
19 255
994 339
130 688
229 722
857 217
53 548
640 967
630 294
723 640
977 656
504 586
601 220
600 189
51 801
715 100
311 625
627 880
459 802
451 27
106 533
13 199
715 501
330 93
284 535
615 660
669 540
191 741
668 891
416 622
183 808
407 800
47 265
69 193
822 897
949 867
509 410
623 954
183 857
184 873
999 27
784 968
88 453
966 480
219 621
112 507
594 947
280 663
188 800
489 282
77 472
788 76
514 3
720 756
654 551
832 738
245 595
250 827
770 296
975 737
98 887
814 673
456 616
585 383
604 13
457 716
461 44
651 68
135 303
677 937
695 242
168 60
403 143
913 921
216 704
656 621
381 486
335 432
512 44
416 369
696 22
626 134
47 364
986 14
470 407
455 193
321 165
285 770
731 382
919 795
414 847
546 269
673 441
894 873
255 741
312 783
86 847
96 934
61 940
963 528
855 759
888 730
459 718
443 709
151 12
348 734
365 536
390 991
782 506
945 485
163 288
680 86
444 463
174 138
667 993
889 177
465 693
28 829
137 564
622 158
586 243
573 555
483 829
64 713
157 548
604 499
111 813
831 548
944 392
210 973
968 30
706 966
254 831
819 130
384 127
992 388
258 600
940 92
284 984
656 683
628 159
920 208
726 558
831 282
137 746
822 203
562 211
264 739
29 957
582 715
324 751
788 62
347 262
20 574
773 302
795 746
299 411
462 629
191 153
581 513
485 444
436 80
938 254
756 537
246 699
752 540
588 370
240 263
949 271
169 853
441 536
693 444
765 567
363 411
382 645
952 140
570 711
350 167
334 808
961 505
84 279
370 637
666 553
350 54
903 964
316 226
812 799
65 422
563 163
891 894
216 54
382 422
602 509
348 242
767 272
936 446
278 157
249 35
875 179
309 825
949 502
942 990
602 904
503 189
550 728
538 176
60 162
176 849
875 167
305 51
178 259
767 199
434 665
533 635
239 414
19 977
295 600
140 843
187 916
127 757
202 540
850 160
888 19
45 66
812 431
90 605
197 775
115 130
832 554
651 174
500 840
712 976
513 129
253 16
92 146
755 978
918 920
353 634
546 331
656 663
819 837
260 149
976 884
392 453
663 829
208 157
817 501
697 175
826 269
182 748
800 672
543 680
237 175
882 36
260 506
544 677
63 503
776 38
251 127
327 450
761 830
63 324
467 583
531 14
878 443
61 867
40 419
100 991
360 548
806 7
649 200
275 749
639 539
731 580
628 808
259 465
47 28
545 920
35 630
71 364
207 400
347 972
791 919
598 391
620 459
785 26
787 564
41 826
779 964
271 818
952 740
168 179
61 408
304 435
616 564
136 928
301 26
837 120
399 701
951 480
330 506
849 538
296 678
828 988
83 158
267 487
569 875
126 64
756 255
810 947
851 165
230 226
180 947
736 99
516 865
16 963
418 107
261 495
744 445
10 161
375 961
376 993
488 251
567 455
608 156
77 119
99 515
962 477
1000 152
833 618
158 283
505 388
388 772
798 971
569 1
753 364
65 802
375 5
332 504
603 8
762 645
707 284
411 971
852 57
696 107
678 911
392 786
900 157
39 707
494 790
407 383
631 483
364 56
340 277
387 243
43 533
908 944
174 713
857 73
434 138
516 92
347 955
966 180
269 92
917 912
297 275
351 992
544 252
528 657
433 339
487 224
568 754
454 491
518 800
819 58
632 525
93 218
386 250
183 900
447 967
468 418
797 405
331 858
483 947
382 246
516 551
178 363
970 718
720 757
167 554
194 466
63 917
500 785
695 676
951 234
463 13
354 926
25 870
704 815
228 418
845 820
774 240
447 488
360 386
379 430
489 290
379 860
354 434
590 120
760 867
393 932
176 308
12 650
91 131
773 457
744 183
926 233
747 828
696 698
489 604
842 984
71 947
423 849
726 150
48 589
730 921
416 225
471 581
679 96
494 286
109 61
956 602
437 545
737 105
580 593
969 961
971 191
627 561
565 363
492 105
790 576
632 968
856 508
179 81
627 847
994 86
745 964
728 660
268 297
626 476
145 434
495 664
900 294
829 136
79 857
709 690
835 779
766 573
873 348
700 411
70 455
176 551
874 386
946 55
340 282
415 456
272 74
473 767
412 930
865 205
277 311
45 955
905 810
620 817
487 490
242 664
272 217
75 748
663 487
371 309
804 143
435 804
366 632
989 366
319 386
68 130
324 20
435 853
353 475
671 462
618 48
945 928
73 765
694 207
388 670
671 223
565 632
33 351
965 446
215 179
774 220
502 121
211 984
105 189
769 508
682 567
388 958
925 241
836 316
632 51
34 978
553 802
551 795
533 508
938 364
995 405
371 655
988 651
974 539
808 880
950 735
510 838
777 187
545 439
52 97
544 59
293 345
609 840
355 16
565 173
403 358
152 934
636 214
32 76
70 660
881 217
863 473
518 684
613 738
930 732
991 421
938 819
902 670
829 22
465 872
874 708
18 676
727 744
156 570
16 397
606 38
59 289
691 45
529 193
692 523
567 905
16 171
606 832
310 269
791 931
311 124
687 385
283 967
500 986
854 825
21 40
798 272
253 47
290 27
272 626
216 923
687 25
31 272
219 16
376 565
509 646
437 122
739 726
94 780
892 745
46 806
547 735
57 79
129 554
991 680
544 567
730 942
731 411
894 629
136 794
761 255
938 211
446 458
706 520
933 988
670 105
864 663
247 676
557 652
392 2
502 941
787 658
255 668
611 351
812 990
69 663
706 613
507 822
861 667
700 543
247 493
79 578
744 843
560 708
122 364
476 558
314 618
540 103
190 696
450 605
469 495
808 311
628 856
807 571
991 302
259 97
407 937
446 913
567 719
566 934
476 332
589 996
923 292
600 215
583 502
879 943
594 973
281 100
747 999
743 236
815 576
653 196
286 503
13 357
310 489
616 976
174 328
893 688
140 872
841 973
243 545
699 507
497 647
374 427
546 394
675 114
34 456
992 478
427 877
231 527
107 517
932 754
402 549
59 870
794 767
300 388
671 151
54 191
10 49
775 744
881 724
916 61
435 140
545 285
673 192
405 209
696 671
824 340
53 110
293 575
871 67
701 714
545 398
229 516
657 724
603 176
769 710
935 209
373 626
579 187
639 843
556 508
194 502
378 139
911 905
616 195
869 575
601 177
166 63
844 499
991 108
44 959
502 898
892 487
735 107
61 104
651 311
725 193
670 706
305 702
48 192
411 310
253 689
696 424
382 783
114 837
776 448
631 680
338 337
897 636
92 352
3 209
652 194
728 872
893 787
519 626
496 924
813 337
282 299
943 946
840 497
676 95
810 773
558 95
214 657
73 375
42 782
684 337
723 397
157 804
284 839
267 147
3 685
854 976
671 250
859 842
174 954
609 359
936 721
422 588
336 269
428 309
676 531
534 657
266 443
752 788
492 535
402 811
664 106
479 263
849 82
388 874
941 514
946 940
54 421
94 630
242 189
8 349
103 936
125 592
933 515
860 741
365 65
113 936
982 378
223 167
989 401
299 351
86 101
839 345
950 530
268 629
86 212
342 834
794 737
320 364
853 190
138 9
857 59
160 453
36 632
900 441
130 741
986 594
229 12
886 190
134 841
943 429
692 867
698 88
92 951
95 300
390 834
743 587
31 564
213 486
735 988
248 476
620 12
602 515
586 396
163 341
652 279
356 958
602 946
288 694
454 359
774 607
687 383
690 49
598 686
784 54
202 663
741 962
353 769
906 617
637 529
89 831
20 767
645 952
940 824
79 156
63 571
465 344
375 757
28 942
802 953
314 15
278 674
318 591
245 565
361 40
324 420
901 726
646 889
99 892
387 870
690 629
271 716
897 181
475 929
595 976
341 520
493 317
612 693
794 934
299 12
